/*--------------------------------*- C++ -*----------------------------------*\
| =========                 |                                                 |
| \\      /  F ield         | OpenFOAM: The Open Source CFD Toolbox           |
|  \\    /   O peration     | Version:  2.0.1                                 |
|   \\  /    A nd           | Web:      www.OpenFOAM.com                      |
|    \\/     M anipulation  |                                                 |
\*---------------------------------------------------------------------------*/
FoamFile
{
    version     2.0;
    format      ascii;
    class       vectorField;
    location    "constant/polyMesh";
    object      points;
}
// * * * * * * * * * * * * * * * * * * * * * * * * * * * * * * * * * * * * * //


2546
(
(-1.5 0 -0.1)
(-1.454545455 0 -0.1)
(-1.409090909 0 -0.1)
(-1.363636364 0 -0.1)
(-1.318181818 0 -0.1)
(-1.272727273 0 -0.1)
(-1.227272727 0 -0.1)
(-1.181818182 0 -0.1)
(-1.136363636 0 -0.1)
(-1.090909091 0 -0.1)
(-1.045454545 0 -0.1)
(-1 0 -0.1)
(-0.9545454545 0 -0.1)
(-0.9090909091 0 -0.1)
(-0.8636363636 0 -0.1)
(-0.8181818182 0 -0.1)
(-0.7727272727 0 -0.1)
(-0.7272727273 0 -0.1)
(-0.6818181818 0 -0.1)
(-0.6363636364 0 -0.1)
(-0.5909090909 0 -0.1)
(-0.5454545455 0 -0.1)
(-0.5 0 -0.1)
(-1.5 0.02763166453 -0.1)
(-1.454545455 0.02763166453 -0.1)
(-1.409090909 0.02763166453 -0.1)
(-1.363636364 0.02763166453 -0.1)
(-1.318181818 0.02763166453 -0.1)
(-1.272727273 0.02763166453 -0.1)
(-1.227272727 0.02763166453 -0.1)
(-1.181818182 0.02763166453 -0.1)
(-1.136363636 0.02763166453 -0.1)
(-1.090909091 0.02763166453 -0.1)
(-1.045454545 0.02763166453 -0.1)
(-1 0.02763166453 -0.1)
(-0.9545454545 0.02763166453 -0.1)
(-0.9090909091 0.02763166453 -0.1)
(-0.8636363636 0.02763166453 -0.1)
(-0.8181818182 0.02763166453 -0.1)
(-0.7727272727 0.02763166453 -0.1)
(-0.7272727273 0.02763166453 -0.1)
(-0.6818181818 0.02763166453 -0.1)
(-0.6363636364 0.02763166453 -0.1)
(-0.5909090909 0.02763166453 -0.1)
(-0.5454545455 0.02763166453 -0.1)
(-0.5 0.02763166453 -0.1)
(-1.5 0.05737646432 -0.1)
(-1.454545455 0.05737646432 -0.1)
(-1.409090909 0.05737646432 -0.1)
(-1.363636364 0.05737646432 -0.1)
(-1.318181818 0.05737646432 -0.1)
(-1.272727273 0.05737646432 -0.1)
(-1.227272727 0.05737646432 -0.1)
(-1.181818182 0.05737646432 -0.1)
(-1.136363636 0.05737646432 -0.1)
(-1.090909091 0.05737646432 -0.1)
(-1.045454545 0.05737646432 -0.1)
(-1 0.05737646432 -0.1)
(-0.9545454545 0.05737646432 -0.1)
(-0.9090909091 0.05737646432 -0.1)
(-0.8636363636 0.05737646432 -0.1)
(-0.8181818182 0.05737646432 -0.1)
(-0.7727272727 0.05737646432 -0.1)
(-0.7272727273 0.05737646432 -0.1)
(-0.6818181818 0.05737646432 -0.1)
(-0.6363636364 0.05737646432 -0.1)
(-0.5909090909 0.05737646432 -0.1)
(-0.5454545455 0.05737646432 -0.1)
(-0.5 0.05737646432 -0.1)
(-1.5 0.08939600169 -0.1)
(-1.454545455 0.08939600169 -0.1)
(-1.409090909 0.08939600169 -0.1)
(-1.363636364 0.08939600169 -0.1)
(-1.318181818 0.08939600169 -0.1)
(-1.272727273 0.08939600169 -0.1)
(-1.227272727 0.08939600169 -0.1)
(-1.181818182 0.08939600169 -0.1)
(-1.136363636 0.08939600169 -0.1)
(-1.090909091 0.08939600169 -0.1)
(-1.045454545 0.08939600169 -0.1)
(-1 0.08939600169 -0.1)
(-0.9545454545 0.08939600169 -0.1)
(-0.9090909091 0.08939600169 -0.1)
(-0.8636363636 0.08939600169 -0.1)
(-0.8181818182 0.08939600169 -0.1)
(-0.7727272727 0.08939600169 -0.1)
(-0.7272727273 0.08939600169 -0.1)
(-0.6818181818 0.08939600169 -0.1)
(-0.6363636364 0.08939600169 -0.1)
(-0.5909090909 0.08939600169 -0.1)
(-0.5454545455 0.08939600169 -0.1)
(-0.5 0.08939600169 -0.1)
(-1.5 0.1238642375 -0.1)
(-1.454545455 0.1238642375 -0.1)
(-1.409090909 0.1238642375 -0.1)
(-1.363636364 0.1238642375 -0.1)
(-1.318181818 0.1238642375 -0.1)
(-1.272727273 0.1238642375 -0.1)
(-1.227272727 0.1238642375 -0.1)
(-1.181818182 0.1238642375 -0.1)
(-1.136363636 0.1238642375 -0.1)
(-1.090909091 0.1238642375 -0.1)
(-1.045454545 0.1238642375 -0.1)
(-1 0.1238642375 -0.1)
(-0.9545454545 0.1238642375 -0.1)
(-0.9090909091 0.1238642375 -0.1)
(-0.8636363636 0.1238642375 -0.1)
(-0.8181818182 0.1238642375 -0.1)
(-0.7727272727 0.1238642375 -0.1)
(-0.7272727273 0.1238642375 -0.1)
(-0.6818181818 0.1238642375 -0.1)
(-0.6363636364 0.1238642375 -0.1)
(-0.5909090909 0.1238642375 -0.1)
(-0.5454545455 0.1238642375 -0.1)
(-0.5 0.1238642375 -0.1)
(-1.5 0.1609684363 -0.1)
(-1.454545455 0.1609684363 -0.1)
(-1.409090909 0.1609684363 -0.1)
(-1.363636364 0.1609684363 -0.1)
(-1.318181818 0.1609684363 -0.1)
(-1.272727273 0.1609684363 -0.1)
(-1.227272727 0.1609684363 -0.1)
(-1.181818182 0.1609684363 -0.1)
(-1.136363636 0.1609684363 -0.1)
(-1.090909091 0.1609684363 -0.1)
(-1.045454545 0.1609684363 -0.1)
(-1 0.1609684363 -0.1)
(-0.9545454545 0.1609684363 -0.1)
(-0.9090909091 0.1609684363 -0.1)
(-0.8636363636 0.1609684363 -0.1)
(-0.8181818182 0.1609684363 -0.1)
(-0.7727272727 0.1609684363 -0.1)
(-0.7272727273 0.1609684363 -0.1)
(-0.6818181818 0.1609684363 -0.1)
(-0.6363636364 0.1609684363 -0.1)
(-0.5909090909 0.1609684363 -0.1)
(-0.5454545455 0.1609684363 -0.1)
(-0.5 0.1609684363 -0.1)
(-1.5 0.2009101836 -0.1)
(-1.454545455 0.2009101836 -0.1)
(-1.409090909 0.2009101836 -0.1)
(-1.363636364 0.2009101836 -0.1)
(-1.318181818 0.2009101836 -0.1)
(-1.272727273 0.2009101836 -0.1)
(-1.227272727 0.2009101836 -0.1)
(-1.181818182 0.2009101836 -0.1)
(-1.136363636 0.2009101836 -0.1)
(-1.090909091 0.2009101836 -0.1)
(-1.045454545 0.2009101836 -0.1)
(-1 0.2009101836 -0.1)
(-0.9545454545 0.2009101836 -0.1)
(-0.9090909091 0.2009101836 -0.1)
(-0.8636363636 0.2009101836 -0.1)
(-0.8181818182 0.2009101836 -0.1)
(-0.7727272727 0.2009101836 -0.1)
(-0.7272727273 0.2009101836 -0.1)
(-0.6818181818 0.2009101836 -0.1)
(-0.6363636364 0.2009101836 -0.1)
(-0.5909090909 0.2009101836 -0.1)
(-0.5454545455 0.2009101836 -0.1)
(-0.5 0.2009101836 -0.1)
(-1.5 0.2439064815 -0.1)
(-1.454545455 0.2439064815 -0.1)
(-1.409090909 0.2439064815 -0.1)
(-1.363636364 0.2439064815 -0.1)
(-1.318181818 0.2439064815 -0.1)
(-1.272727273 0.2439064815 -0.1)
(-1.227272727 0.2439064815 -0.1)
(-1.181818182 0.2439064815 -0.1)
(-1.136363636 0.2439064815 -0.1)
(-1.090909091 0.2439064815 -0.1)
(-1.045454545 0.2439064815 -0.1)
(-1 0.2439064815 -0.1)
(-0.9545454545 0.2439064815 -0.1)
(-0.9090909091 0.2439064815 -0.1)
(-0.8636363636 0.2439064815 -0.1)
(-0.8181818182 0.2439064815 -0.1)
(-0.7727272727 0.2439064815 -0.1)
(-0.7272727273 0.2439064815 -0.1)
(-0.6818181818 0.2439064815 -0.1)
(-0.6363636364 0.2439064815 -0.1)
(-0.5909090909 0.2439064815 -0.1)
(-0.5454545455 0.2439064815 -0.1)
(-0.5 0.2439064815 -0.1)
(-1.5 0.2901909271 -0.1)
(-1.454545455 0.2901909271 -0.1)
(-1.409090909 0.2901909271 -0.1)
(-1.363636364 0.2901909271 -0.1)
(-1.318181818 0.2901909271 -0.1)
(-1.272727273 0.2901909271 -0.1)
(-1.227272727 0.2901909271 -0.1)
(-1.181818182 0.2901909271 -0.1)
(-1.136363636 0.2901909271 -0.1)
(-1.090909091 0.2901909271 -0.1)
(-1.045454545 0.2901909271 -0.1)
(-1 0.2901909271 -0.1)
(-0.9545454545 0.2901909271 -0.1)
(-0.9090909091 0.2901909271 -0.1)
(-0.8636363636 0.2901909271 -0.1)
(-0.8181818182 0.2901909271 -0.1)
(-0.7727272727 0.2901909271 -0.1)
(-0.7272727273 0.2901909271 -0.1)
(-0.6818181818 0.2901909271 -0.1)
(-0.6363636364 0.2901909271 -0.1)
(-0.5909090909 0.2901909271 -0.1)
(-0.5454545455 0.2901909271 -0.1)
(-0.5 0.2901909271 -0.1)
(-1.5 0.3400149819 -0.1)
(-1.454545455 0.3400149819 -0.1)
(-1.409090909 0.3400149819 -0.1)
(-1.363636364 0.3400149819 -0.1)
(-1.318181818 0.3400149819 -0.1)
(-1.272727273 0.3400149819 -0.1)
(-1.227272727 0.3400149819 -0.1)
(-1.181818182 0.3400149819 -0.1)
(-1.136363636 0.3400149819 -0.1)
(-1.090909091 0.3400149819 -0.1)
(-1.045454545 0.3400149819 -0.1)
(-1 0.3400149819 -0.1)
(-0.9545454545 0.3400149819 -0.1)
(-0.9090909091 0.3400149819 -0.1)
(-0.8636363636 0.3400149819 -0.1)
(-0.8181818182 0.3400149819 -0.1)
(-0.7727272727 0.3400149819 -0.1)
(-0.7272727273 0.3400149819 -0.1)
(-0.6818181818 0.3400149819 -0.1)
(-0.6363636364 0.3400149819 -0.1)
(-0.5909090909 0.3400149819 -0.1)
(-0.5454545455 0.3400149819 -0.1)
(-0.5 0.3400149819 -0.1)
(-1.5 0.393649338 -0.1)
(-1.454545455 0.393649338 -0.1)
(-1.409090909 0.393649338 -0.1)
(-1.363636364 0.393649338 -0.1)
(-1.318181818 0.393649338 -0.1)
(-1.272727273 0.393649338 -0.1)
(-1.227272727 0.393649338 -0.1)
(-1.181818182 0.393649338 -0.1)
(-1.136363636 0.393649338 -0.1)
(-1.090909091 0.393649338 -0.1)
(-1.045454545 0.393649338 -0.1)
(-1 0.393649338 -0.1)
(-0.9545454545 0.393649338 -0.1)
(-0.9090909091 0.393649338 -0.1)
(-0.8636363636 0.393649338 -0.1)
(-0.8181818182 0.393649338 -0.1)
(-0.7727272727 0.393649338 -0.1)
(-0.7272727273 0.393649338 -0.1)
(-0.6818181818 0.393649338 -0.1)
(-0.6363636364 0.393649338 -0.1)
(-0.5909090909 0.393649338 -0.1)
(-0.5454545455 0.393649338 -0.1)
(-0.5 0.393649338 -0.1)
(-1.5 0.4513853887 -0.1)
(-1.454545455 0.4513853887 -0.1)
(-1.409090909 0.4513853887 -0.1)
(-1.363636364 0.4513853887 -0.1)
(-1.318181818 0.4513853887 -0.1)
(-1.272727273 0.4513853887 -0.1)
(-1.227272727 0.4513853887 -0.1)
(-1.181818182 0.4513853887 -0.1)
(-1.136363636 0.4513853887 -0.1)
(-1.090909091 0.4513853887 -0.1)
(-1.045454545 0.4513853887 -0.1)
(-1 0.4513853887 -0.1)
(-0.9545454545 0.4513853887 -0.1)
(-0.9090909091 0.4513853887 -0.1)
(-0.8636363636 0.4513853887 -0.1)
(-0.8181818182 0.4513853887 -0.1)
(-0.7727272727 0.4513853887 -0.1)
(-0.7272727273 0.4513853887 -0.1)
(-0.6818181818 0.4513853887 -0.1)
(-0.6363636364 0.4513853887 -0.1)
(-0.5909090909 0.4513853887 -0.1)
(-0.5454545455 0.4513853887 -0.1)
(-0.5 0.4513853887 -0.1)
(-1.5 0.5135368116 -0.1)
(-1.454545455 0.5135368116 -0.1)
(-1.409090909 0.5135368116 -0.1)
(-1.363636364 0.5135368116 -0.1)
(-1.318181818 0.5135368116 -0.1)
(-1.272727273 0.5135368116 -0.1)
(-1.227272727 0.5135368116 -0.1)
(-1.181818182 0.5135368116 -0.1)
(-1.136363636 0.5135368116 -0.1)
(-1.090909091 0.5135368116 -0.1)
(-1.045454545 0.5135368116 -0.1)
(-1 0.5135368116 -0.1)
(-0.9545454545 0.5135368116 -0.1)
(-0.9090909091 0.5135368116 -0.1)
(-0.8636363636 0.5135368116 -0.1)
(-0.8181818182 0.5135368116 -0.1)
(-0.7727272727 0.5135368116 -0.1)
(-0.7272727273 0.5135368116 -0.1)
(-0.6818181818 0.5135368116 -0.1)
(-0.6363636364 0.5135368116 -0.1)
(-0.5909090909 0.5135368116 -0.1)
(-0.5454545455 0.5135368116 -0.1)
(-0.5 0.5135368116 -0.1)
(-1.5 0.580441273 -0.1)
(-1.454545455 0.580441273 -0.1)
(-1.409090909 0.580441273 -0.1)
(-1.363636364 0.580441273 -0.1)
(-1.318181818 0.580441273 -0.1)
(-1.272727273 0.580441273 -0.1)
(-1.227272727 0.580441273 -0.1)
(-1.181818182 0.580441273 -0.1)
(-1.136363636 0.580441273 -0.1)
(-1.090909091 0.580441273 -0.1)
(-1.045454545 0.580441273 -0.1)
(-1 0.580441273 -0.1)
(-0.9545454545 0.580441273 -0.1)
(-0.9090909091 0.580441273 -0.1)
(-0.8636363636 0.580441273 -0.1)
(-0.8181818182 0.580441273 -0.1)
(-0.7727272727 0.580441273 -0.1)
(-0.7272727273 0.580441273 -0.1)
(-0.6818181818 0.580441273 -0.1)
(-0.6363636364 0.580441273 -0.1)
(-0.5909090909 0.580441273 -0.1)
(-0.5454545455 0.580441273 -0.1)
(-0.5 0.580441273 -0.1)
(-1.5 0.6524622621 -0.1)
(-1.454545455 0.6524622621 -0.1)
(-1.409090909 0.6524622621 -0.1)
(-1.363636364 0.6524622621 -0.1)
(-1.318181818 0.6524622621 -0.1)
(-1.272727273 0.6524622621 -0.1)
(-1.227272727 0.6524622621 -0.1)
(-1.181818182 0.6524622621 -0.1)
(-1.136363636 0.6524622621 -0.1)
(-1.090909091 0.6524622621 -0.1)
(-1.045454545 0.6524622621 -0.1)
(-1 0.6524622621 -0.1)
(-0.9545454545 0.6524622621 -0.1)
(-0.9090909091 0.6524622621 -0.1)
(-0.8636363636 0.6524622621 -0.1)
(-0.8181818182 0.6524622621 -0.1)
(-0.7727272727 0.6524622621 -0.1)
(-0.7272727273 0.6524622621 -0.1)
(-0.6818181818 0.6524622621 -0.1)
(-0.6363636364 0.6524622621 -0.1)
(-0.5909090909 0.6524622621 -0.1)
(-0.5454545455 0.6524622621 -0.1)
(-0.5 0.6524622621 -0.1)
(-1.5 0.729991066 -0.1)
(-1.454545455 0.729991066 -0.1)
(-1.409090909 0.729991066 -0.1)
(-1.363636364 0.729991066 -0.1)
(-1.318181818 0.729991066 -0.1)
(-1.272727273 0.729991066 -0.1)
(-1.227272727 0.729991066 -0.1)
(-1.181818182 0.729991066 -0.1)
(-1.136363636 0.729991066 -0.1)
(-1.090909091 0.729991066 -0.1)
(-1.045454545 0.729991066 -0.1)
(-1 0.729991066 -0.1)
(-0.9545454545 0.729991066 -0.1)
(-0.9090909091 0.729991066 -0.1)
(-0.8636363636 0.729991066 -0.1)
(-0.8181818182 0.729991066 -0.1)
(-0.7727272727 0.729991066 -0.1)
(-0.7272727273 0.729991066 -0.1)
(-0.6818181818 0.729991066 -0.1)
(-0.6363636364 0.729991066 -0.1)
(-0.5909090909 0.729991066 -0.1)
(-0.5454545455 0.729991066 -0.1)
(-0.5 0.729991066 -0.1)
(-1.5 0.8134488957 -0.1)
(-1.454545455 0.8134488957 -0.1)
(-1.409090909 0.8134488957 -0.1)
(-1.363636364 0.8134488957 -0.1)
(-1.318181818 0.8134488957 -0.1)
(-1.272727273 0.8134488957 -0.1)
(-1.227272727 0.8134488957 -0.1)
(-1.181818182 0.8134488957 -0.1)
(-1.136363636 0.8134488957 -0.1)
(-1.090909091 0.8134488957 -0.1)
(-1.045454545 0.8134488957 -0.1)
(-1 0.8134488957 -0.1)
(-0.9545454545 0.8134488957 -0.1)
(-0.9090909091 0.8134488957 -0.1)
(-0.8636363636 0.8134488957 -0.1)
(-0.8181818182 0.8134488957 -0.1)
(-0.7727272727 0.8134488957 -0.1)
(-0.7272727273 0.8134488957 -0.1)
(-0.6818181818 0.8134488957 -0.1)
(-0.6363636364 0.8134488957 -0.1)
(-0.5909090909 0.8134488957 -0.1)
(-0.5454545455 0.8134488957 -0.1)
(-0.5 0.8134488957 -0.1)
(-1.5 0.9032891742 -0.1)
(-1.454545455 0.9032891742 -0.1)
(-1.409090909 0.9032891742 -0.1)
(-1.363636364 0.9032891742 -0.1)
(-1.318181818 0.9032891742 -0.1)
(-1.272727273 0.9032891742 -0.1)
(-1.227272727 0.9032891742 -0.1)
(-1.181818182 0.9032891742 -0.1)
(-1.136363636 0.9032891742 -0.1)
(-1.090909091 0.9032891742 -0.1)
(-1.045454545 0.9032891742 -0.1)
(-1 0.9032891742 -0.1)
(-0.9545454545 0.9032891742 -0.1)
(-0.9090909091 0.9032891742 -0.1)
(-0.8636363636 0.9032891742 -0.1)
(-0.8181818182 0.9032891742 -0.1)
(-0.7727272727 0.9032891742 -0.1)
(-0.7272727273 0.9032891742 -0.1)
(-0.6818181818 0.9032891742 -0.1)
(-0.6363636364 0.9032891742 -0.1)
(-0.5909090909 0.9032891742 -0.1)
(-0.5454545455 0.9032891742 -0.1)
(-0.5 0.9032891742 -0.1)
(-1.5 1 -0.1)
(-1.454545455 1 -0.1)
(-1.409090909 1 -0.1)
(-1.363636364 1 -0.1)
(-1.318181818 1 -0.1)
(-1.272727273 1 -0.1)
(-1.227272727 1 -0.1)
(-1.181818182 1 -0.1)
(-1.136363636 1 -0.1)
(-1.090909091 1 -0.1)
(-1.045454545 1 -0.1)
(-1 1 -0.1)
(-0.9545454545 1 -0.1)
(-0.9090909091 1 -0.1)
(-0.8636363636 1 -0.1)
(-0.8181818182 1 -0.1)
(-0.7727272727 1 -0.1)
(-0.7272727273 1 -0.1)
(-0.6818181818 1 -0.1)
(-0.6363636364 1 -0.1)
(-0.5909090909 1 -0.1)
(-0.5454545455 1 -0.1)
(-0.5 1 -0.1)
(-1.5 0 0.1)
(-1.454545455 0 0.1)
(-1.409090909 0 0.1)
(-1.363636364 0 0.1)
(-1.318181818 0 0.1)
(-1.272727273 0 0.1)
(-1.227272727 0 0.1)
(-1.181818182 0 0.1)
(-1.136363636 0 0.1)
(-1.090909091 0 0.1)
(-1.045454545 0 0.1)
(-1 0 0.1)
(-0.9545454545 0 0.1)
(-0.9090909091 0 0.1)
(-0.8636363636 0 0.1)
(-0.8181818182 0 0.1)
(-0.7727272727 0 0.1)
(-0.7272727273 0 0.1)
(-0.6818181818 0 0.1)
(-0.6363636364 0 0.1)
(-0.5909090909 0 0.1)
(-0.5454545455 0 0.1)
(-0.5 0 0.1)
(-1.5 0.02763166453 0.1)
(-1.454545455 0.02763166453 0.1)
(-1.409090909 0.02763166453 0.1)
(-1.363636364 0.02763166453 0.1)
(-1.318181818 0.02763166453 0.1)
(-1.272727273 0.02763166453 0.1)
(-1.227272727 0.02763166453 0.1)
(-1.181818182 0.02763166453 0.1)
(-1.136363636 0.02763166453 0.1)
(-1.090909091 0.02763166453 0.1)
(-1.045454545 0.02763166453 0.1)
(-1 0.02763166453 0.1)
(-0.9545454545 0.02763166453 0.1)
(-0.9090909091 0.02763166453 0.1)
(-0.8636363636 0.02763166453 0.1)
(-0.8181818182 0.02763166453 0.1)
(-0.7727272727 0.02763166453 0.1)
(-0.7272727273 0.02763166453 0.1)
(-0.6818181818 0.02763166453 0.1)
(-0.6363636364 0.02763166453 0.1)
(-0.5909090909 0.02763166453 0.1)
(-0.5454545455 0.02763166453 0.1)
(-0.5 0.02763166453 0.1)
(-1.5 0.05737646432 0.1)
(-1.454545455 0.05737646432 0.1)
(-1.409090909 0.05737646432 0.1)
(-1.363636364 0.05737646432 0.1)
(-1.318181818 0.05737646432 0.1)
(-1.272727273 0.05737646432 0.1)
(-1.227272727 0.05737646432 0.1)
(-1.181818182 0.05737646432 0.1)
(-1.136363636 0.05737646432 0.1)
(-1.090909091 0.05737646432 0.1)
(-1.045454545 0.05737646432 0.1)
(-1 0.05737646432 0.1)
(-0.9545454545 0.05737646432 0.1)
(-0.9090909091 0.05737646432 0.1)
(-0.8636363636 0.05737646432 0.1)
(-0.8181818182 0.05737646432 0.1)
(-0.7727272727 0.05737646432 0.1)
(-0.7272727273 0.05737646432 0.1)
(-0.6818181818 0.05737646432 0.1)
(-0.6363636364 0.05737646432 0.1)
(-0.5909090909 0.05737646432 0.1)
(-0.5454545455 0.05737646432 0.1)
(-0.5 0.05737646432 0.1)
(-1.5 0.08939600169 0.1)
(-1.454545455 0.08939600169 0.1)
(-1.409090909 0.08939600169 0.1)
(-1.363636364 0.08939600169 0.1)
(-1.318181818 0.08939600169 0.1)
(-1.272727273 0.08939600169 0.1)
(-1.227272727 0.08939600169 0.1)
(-1.181818182 0.08939600169 0.1)
(-1.136363636 0.08939600169 0.1)
(-1.090909091 0.08939600169 0.1)
(-1.045454545 0.08939600169 0.1)
(-1 0.08939600169 0.1)
(-0.9545454545 0.08939600169 0.1)
(-0.9090909091 0.08939600169 0.1)
(-0.8636363636 0.08939600169 0.1)
(-0.8181818182 0.08939600169 0.1)
(-0.7727272727 0.08939600169 0.1)
(-0.7272727273 0.08939600169 0.1)
(-0.6818181818 0.08939600169 0.1)
(-0.6363636364 0.08939600169 0.1)
(-0.5909090909 0.08939600169 0.1)
(-0.5454545455 0.08939600169 0.1)
(-0.5 0.08939600169 0.1)
(-1.5 0.1238642375 0.1)
(-1.454545455 0.1238642375 0.1)
(-1.409090909 0.1238642375 0.1)
(-1.363636364 0.1238642375 0.1)
(-1.318181818 0.1238642375 0.1)
(-1.272727273 0.1238642375 0.1)
(-1.227272727 0.1238642375 0.1)
(-1.181818182 0.1238642375 0.1)
(-1.136363636 0.1238642375 0.1)
(-1.090909091 0.1238642375 0.1)
(-1.045454545 0.1238642375 0.1)
(-1 0.1238642375 0.1)
(-0.9545454545 0.1238642375 0.1)
(-0.9090909091 0.1238642375 0.1)
(-0.8636363636 0.1238642375 0.1)
(-0.8181818182 0.1238642375 0.1)
(-0.7727272727 0.1238642375 0.1)
(-0.7272727273 0.1238642375 0.1)
(-0.6818181818 0.1238642375 0.1)
(-0.6363636364 0.1238642375 0.1)
(-0.5909090909 0.1238642375 0.1)
(-0.5454545455 0.1238642375 0.1)
(-0.5 0.1238642375 0.1)
(-1.5 0.1609684363 0.1)
(-1.454545455 0.1609684363 0.1)
(-1.409090909 0.1609684363 0.1)
(-1.363636364 0.1609684363 0.1)
(-1.318181818 0.1609684363 0.1)
(-1.272727273 0.1609684363 0.1)
(-1.227272727 0.1609684363 0.1)
(-1.181818182 0.1609684363 0.1)
(-1.136363636 0.1609684363 0.1)
(-1.090909091 0.1609684363 0.1)
(-1.045454545 0.1609684363 0.1)
(-1 0.1609684363 0.1)
(-0.9545454545 0.1609684363 0.1)
(-0.9090909091 0.1609684363 0.1)
(-0.8636363636 0.1609684363 0.1)
(-0.8181818182 0.1609684363 0.1)
(-0.7727272727 0.1609684363 0.1)
(-0.7272727273 0.1609684363 0.1)
(-0.6818181818 0.1609684363 0.1)
(-0.6363636364 0.1609684363 0.1)
(-0.5909090909 0.1609684363 0.1)
(-0.5454545455 0.1609684363 0.1)
(-0.5 0.1609684363 0.1)
(-1.5 0.2009101836 0.1)
(-1.454545455 0.2009101836 0.1)
(-1.409090909 0.2009101836 0.1)
(-1.363636364 0.2009101836 0.1)
(-1.318181818 0.2009101836 0.1)
(-1.272727273 0.2009101836 0.1)
(-1.227272727 0.2009101836 0.1)
(-1.181818182 0.2009101836 0.1)
(-1.136363636 0.2009101836 0.1)
(-1.090909091 0.2009101836 0.1)
(-1.045454545 0.2009101836 0.1)
(-1 0.2009101836 0.1)
(-0.9545454545 0.2009101836 0.1)
(-0.9090909091 0.2009101836 0.1)
(-0.8636363636 0.2009101836 0.1)
(-0.8181818182 0.2009101836 0.1)
(-0.7727272727 0.2009101836 0.1)
(-0.7272727273 0.2009101836 0.1)
(-0.6818181818 0.2009101836 0.1)
(-0.6363636364 0.2009101836 0.1)
(-0.5909090909 0.2009101836 0.1)
(-0.5454545455 0.2009101836 0.1)
(-0.5 0.2009101836 0.1)
(-1.5 0.2439064815 0.1)
(-1.454545455 0.2439064815 0.1)
(-1.409090909 0.2439064815 0.1)
(-1.363636364 0.2439064815 0.1)
(-1.318181818 0.2439064815 0.1)
(-1.272727273 0.2439064815 0.1)
(-1.227272727 0.2439064815 0.1)
(-1.181818182 0.2439064815 0.1)
(-1.136363636 0.2439064815 0.1)
(-1.090909091 0.2439064815 0.1)
(-1.045454545 0.2439064815 0.1)
(-1 0.2439064815 0.1)
(-0.9545454545 0.2439064815 0.1)
(-0.9090909091 0.2439064815 0.1)
(-0.8636363636 0.2439064815 0.1)
(-0.8181818182 0.2439064815 0.1)
(-0.7727272727 0.2439064815 0.1)
(-0.7272727273 0.2439064815 0.1)
(-0.6818181818 0.2439064815 0.1)
(-0.6363636364 0.2439064815 0.1)
(-0.5909090909 0.2439064815 0.1)
(-0.5454545455 0.2439064815 0.1)
(-0.5 0.2439064815 0.1)
(-1.5 0.2901909271 0.1)
(-1.454545455 0.2901909271 0.1)
(-1.409090909 0.2901909271 0.1)
(-1.363636364 0.2901909271 0.1)
(-1.318181818 0.2901909271 0.1)
(-1.272727273 0.2901909271 0.1)
(-1.227272727 0.2901909271 0.1)
(-1.181818182 0.2901909271 0.1)
(-1.136363636 0.2901909271 0.1)
(-1.090909091 0.2901909271 0.1)
(-1.045454545 0.2901909271 0.1)
(-1 0.2901909271 0.1)
(-0.9545454545 0.2901909271 0.1)
(-0.9090909091 0.2901909271 0.1)
(-0.8636363636 0.2901909271 0.1)
(-0.8181818182 0.2901909271 0.1)
(-0.7727272727 0.2901909271 0.1)
(-0.7272727273 0.2901909271 0.1)
(-0.6818181818 0.2901909271 0.1)
(-0.6363636364 0.2901909271 0.1)
(-0.5909090909 0.2901909271 0.1)
(-0.5454545455 0.2901909271 0.1)
(-0.5 0.2901909271 0.1)
(-1.5 0.3400149819 0.1)
(-1.454545455 0.3400149819 0.1)
(-1.409090909 0.3400149819 0.1)
(-1.363636364 0.3400149819 0.1)
(-1.318181818 0.3400149819 0.1)
(-1.272727273 0.3400149819 0.1)
(-1.227272727 0.3400149819 0.1)
(-1.181818182 0.3400149819 0.1)
(-1.136363636 0.3400149819 0.1)
(-1.090909091 0.3400149819 0.1)
(-1.045454545 0.3400149819 0.1)
(-1 0.3400149819 0.1)
(-0.9545454545 0.3400149819 0.1)
(-0.9090909091 0.3400149819 0.1)
(-0.8636363636 0.3400149819 0.1)
(-0.8181818182 0.3400149819 0.1)
(-0.7727272727 0.3400149819 0.1)
(-0.7272727273 0.3400149819 0.1)
(-0.6818181818 0.3400149819 0.1)
(-0.6363636364 0.3400149819 0.1)
(-0.5909090909 0.3400149819 0.1)
(-0.5454545455 0.3400149819 0.1)
(-0.5 0.3400149819 0.1)
(-1.5 0.393649338 0.1)
(-1.454545455 0.393649338 0.1)
(-1.409090909 0.393649338 0.1)
(-1.363636364 0.393649338 0.1)
(-1.318181818 0.393649338 0.1)
(-1.272727273 0.393649338 0.1)
(-1.227272727 0.393649338 0.1)
(-1.181818182 0.393649338 0.1)
(-1.136363636 0.393649338 0.1)
(-1.090909091 0.393649338 0.1)
(-1.045454545 0.393649338 0.1)
(-1 0.393649338 0.1)
(-0.9545454545 0.393649338 0.1)
(-0.9090909091 0.393649338 0.1)
(-0.8636363636 0.393649338 0.1)
(-0.8181818182 0.393649338 0.1)
(-0.7727272727 0.393649338 0.1)
(-0.7272727273 0.393649338 0.1)
(-0.6818181818 0.393649338 0.1)
(-0.6363636364 0.393649338 0.1)
(-0.5909090909 0.393649338 0.1)
(-0.5454545455 0.393649338 0.1)
(-0.5 0.393649338 0.1)
(-1.5 0.4513853887 0.1)
(-1.454545455 0.4513853887 0.1)
(-1.409090909 0.4513853887 0.1)
(-1.363636364 0.4513853887 0.1)
(-1.318181818 0.4513853887 0.1)
(-1.272727273 0.4513853887 0.1)
(-1.227272727 0.4513853887 0.1)
(-1.181818182 0.4513853887 0.1)
(-1.136363636 0.4513853887 0.1)
(-1.090909091 0.4513853887 0.1)
(-1.045454545 0.4513853887 0.1)
(-1 0.4513853887 0.1)
(-0.9545454545 0.4513853887 0.1)
(-0.9090909091 0.4513853887 0.1)
(-0.8636363636 0.4513853887 0.1)
(-0.8181818182 0.4513853887 0.1)
(-0.7727272727 0.4513853887 0.1)
(-0.7272727273 0.4513853887 0.1)
(-0.6818181818 0.4513853887 0.1)
(-0.6363636364 0.4513853887 0.1)
(-0.5909090909 0.4513853887 0.1)
(-0.5454545455 0.4513853887 0.1)
(-0.5 0.4513853887 0.1)
(-1.5 0.5135368116 0.1)
(-1.454545455 0.5135368116 0.1)
(-1.409090909 0.5135368116 0.1)
(-1.363636364 0.5135368116 0.1)
(-1.318181818 0.5135368116 0.1)
(-1.272727273 0.5135368116 0.1)
(-1.227272727 0.5135368116 0.1)
(-1.181818182 0.5135368116 0.1)
(-1.136363636 0.5135368116 0.1)
(-1.090909091 0.5135368116 0.1)
(-1.045454545 0.5135368116 0.1)
(-1 0.5135368116 0.1)
(-0.9545454545 0.5135368116 0.1)
(-0.9090909091 0.5135368116 0.1)
(-0.8636363636 0.5135368116 0.1)
(-0.8181818182 0.5135368116 0.1)
(-0.7727272727 0.5135368116 0.1)
(-0.7272727273 0.5135368116 0.1)
(-0.6818181818 0.5135368116 0.1)
(-0.6363636364 0.5135368116 0.1)
(-0.5909090909 0.5135368116 0.1)
(-0.5454545455 0.5135368116 0.1)
(-0.5 0.5135368116 0.1)
(-1.5 0.580441273 0.1)
(-1.454545455 0.580441273 0.1)
(-1.409090909 0.580441273 0.1)
(-1.363636364 0.580441273 0.1)
(-1.318181818 0.580441273 0.1)
(-1.272727273 0.580441273 0.1)
(-1.227272727 0.580441273 0.1)
(-1.181818182 0.580441273 0.1)
(-1.136363636 0.580441273 0.1)
(-1.090909091 0.580441273 0.1)
(-1.045454545 0.580441273 0.1)
(-1 0.580441273 0.1)
(-0.9545454545 0.580441273 0.1)
(-0.9090909091 0.580441273 0.1)
(-0.8636363636 0.580441273 0.1)
(-0.8181818182 0.580441273 0.1)
(-0.7727272727 0.580441273 0.1)
(-0.7272727273 0.580441273 0.1)
(-0.6818181818 0.580441273 0.1)
(-0.6363636364 0.580441273 0.1)
(-0.5909090909 0.580441273 0.1)
(-0.5454545455 0.580441273 0.1)
(-0.5 0.580441273 0.1)
(-1.5 0.6524622621 0.1)
(-1.454545455 0.6524622621 0.1)
(-1.409090909 0.6524622621 0.1)
(-1.363636364 0.6524622621 0.1)
(-1.318181818 0.6524622621 0.1)
(-1.272727273 0.6524622621 0.1)
(-1.227272727 0.6524622621 0.1)
(-1.181818182 0.6524622621 0.1)
(-1.136363636 0.6524622621 0.1)
(-1.090909091 0.6524622621 0.1)
(-1.045454545 0.6524622621 0.1)
(-1 0.6524622621 0.1)
(-0.9545454545 0.6524622621 0.1)
(-0.9090909091 0.6524622621 0.1)
(-0.8636363636 0.6524622621 0.1)
(-0.8181818182 0.6524622621 0.1)
(-0.7727272727 0.6524622621 0.1)
(-0.7272727273 0.6524622621 0.1)
(-0.6818181818 0.6524622621 0.1)
(-0.6363636364 0.6524622621 0.1)
(-0.5909090909 0.6524622621 0.1)
(-0.5454545455 0.6524622621 0.1)
(-0.5 0.6524622621 0.1)
(-1.5 0.729991066 0.1)
(-1.454545455 0.729991066 0.1)
(-1.409090909 0.729991066 0.1)
(-1.363636364 0.729991066 0.1)
(-1.318181818 0.729991066 0.1)
(-1.272727273 0.729991066 0.1)
(-1.227272727 0.729991066 0.1)
(-1.181818182 0.729991066 0.1)
(-1.136363636 0.729991066 0.1)
(-1.090909091 0.729991066 0.1)
(-1.045454545 0.729991066 0.1)
(-1 0.729991066 0.1)
(-0.9545454545 0.729991066 0.1)
(-0.9090909091 0.729991066 0.1)
(-0.8636363636 0.729991066 0.1)
(-0.8181818182 0.729991066 0.1)
(-0.7727272727 0.729991066 0.1)
(-0.7272727273 0.729991066 0.1)
(-0.6818181818 0.729991066 0.1)
(-0.6363636364 0.729991066 0.1)
(-0.5909090909 0.729991066 0.1)
(-0.5454545455 0.729991066 0.1)
(-0.5 0.729991066 0.1)
(-1.5 0.8134488957 0.1)
(-1.454545455 0.8134488957 0.1)
(-1.409090909 0.8134488957 0.1)
(-1.363636364 0.8134488957 0.1)
(-1.318181818 0.8134488957 0.1)
(-1.272727273 0.8134488957 0.1)
(-1.227272727 0.8134488957 0.1)
(-1.181818182 0.8134488957 0.1)
(-1.136363636 0.8134488957 0.1)
(-1.090909091 0.8134488957 0.1)
(-1.045454545 0.8134488957 0.1)
(-1 0.8134488957 0.1)
(-0.9545454545 0.8134488957 0.1)
(-0.9090909091 0.8134488957 0.1)
(-0.8636363636 0.8134488957 0.1)
(-0.8181818182 0.8134488957 0.1)
(-0.7727272727 0.8134488957 0.1)
(-0.7272727273 0.8134488957 0.1)
(-0.6818181818 0.8134488957 0.1)
(-0.6363636364 0.8134488957 0.1)
(-0.5909090909 0.8134488957 0.1)
(-0.5454545455 0.8134488957 0.1)
(-0.5 0.8134488957 0.1)
(-1.5 0.9032891742 0.1)
(-1.454545455 0.9032891742 0.1)
(-1.409090909 0.9032891742 0.1)
(-1.363636364 0.9032891742 0.1)
(-1.318181818 0.9032891742 0.1)
(-1.272727273 0.9032891742 0.1)
(-1.227272727 0.9032891742 0.1)
(-1.181818182 0.9032891742 0.1)
(-1.136363636 0.9032891742 0.1)
(-1.090909091 0.9032891742 0.1)
(-1.045454545 0.9032891742 0.1)
(-1 0.9032891742 0.1)
(-0.9545454545 0.9032891742 0.1)
(-0.9090909091 0.9032891742 0.1)
(-0.8636363636 0.9032891742 0.1)
(-0.8181818182 0.9032891742 0.1)
(-0.7727272727 0.9032891742 0.1)
(-0.7272727273 0.9032891742 0.1)
(-0.6818181818 0.9032891742 0.1)
(-0.6363636364 0.9032891742 0.1)
(-0.5909090909 0.9032891742 0.1)
(-0.5454545455 0.9032891742 0.1)
(-0.5 0.9032891742 0.1)
(-1.5 1 0.1)
(-1.454545455 1 0.1)
(-1.409090909 1 0.1)
(-1.363636364 1 0.1)
(-1.318181818 1 0.1)
(-1.272727273 1 0.1)
(-1.227272727 1 0.1)
(-1.181818182 1 0.1)
(-1.136363636 1 0.1)
(-1.090909091 1 0.1)
(-1.045454545 1 0.1)
(-1 1 0.1)
(-0.9545454545 1 0.1)
(-0.9090909091 1 0.1)
(-0.8636363636 1 0.1)
(-0.8181818182 1 0.1)
(-0.7727272727 1 0.1)
(-0.7272727273 1 0.1)
(-0.6818181818 1 0.1)
(-0.6363636364 1 0.1)
(-0.5909090909 1 0.1)
(-0.5454545455 1 0.1)
(-0.5 1 0.1)
(-0.456619133 0.01716842195 -0.1)
(-0.4126501582 0.03276917827 -0.1)
(-0.3681497061 0.04678217579 -0.1)
(-0.3231750915 0.05918936631 -0.1)
(-0.2777842399 0.06997476984 -0.1)
(-0.2320356131 0.07912449522 -0.1)
(-0.1859881333 0.08662675795 -0.1)
(-0.1397011081 0.0924718954 -0.1)
(-0.09323415326 0.09665237927 -0.1)
(-0.04664711647 0.09916282526 -0.1)
(-1.024842104e-16 0.1 -0.1)
(0.04664711647 0.09916282526 -0.1)
(0.09323415326 0.09665237927 -0.1)
(0.1397011081 0.0924718954 -0.1)
(0.1859881333 0.08662675795 -0.1)
(0.2320356131 0.07912449522 -0.1)
(0.2777842399 0.06997476984 -0.1)
(0.3231750915 0.05918936631 -0.1)
(0.3681497061 0.04678217579 -0.1)
(0.4126501582 0.03276917827 -0.1)
(0.456619133 0.01716842195 -0.1)
(0.5 0 -0.1)
(-0.4565618338 0.0443256944 -0.1)
(-0.4125518103 0.05949537586 -0.1)
(-0.368024995 0.07312117093 -0.1)
(-0.3230371191 0.08518553012 -0.1)
(-0.2776445075 0.095672915 -0.1)
(-0.2319040066 0.1045698182 -0.1)
(-0.1858729106 0.111864781 -0.1)
(-0.1396088882 0.1175484075 -0.1)
(-0.09316990792 0.1216133777 -0.1)
(-0.04661416375 0.1240544559 -0.1)
(-9.965240103e-17 0.1248684981 -0.1)
(0.04661416375 0.1240544559 -0.1)
(0.09316990792 0.1216133777 -0.1)
(0.1396088882 0.1175484075 -0.1)
(0.1858729106 0.111864781 -0.1)
(0.2319040066 0.1045698182 -0.1)
(0.2776445075 0.095672915 -0.1)
(0.3230371191 0.08518553012 -0.1)
(0.368024995 0.07312117093 -0.1)
(0.4125518103 0.05949537586 -0.1)
(0.4565618338 0.0443256944 -0.1)
(0.5 0.02763166453 -0.1)
(-0.4565001526 0.07355982292 -0.1)
(-0.4124459411 0.08826546301 -0.1)
(-0.3678907465 0.1014744443 -0.1)
(-0.3228885952 0.1131697541 -0.1)
(-0.277494089 0.1233363293 -0.1)
(-0.2317623355 0.1319610758 -0.1)
(-0.1857488762 0.1390328852 -0.1)
(-0.1395096158 0.1445426493 -0.1)
(-0.09310074941 0.1484832718 -0.1)
(-0.04657869096 0.1508496773 -0.1)
(-9.660402872e-17 0.1516388179 -0.1)
(0.04657869096 0.1508496773 -0.1)
(0.09310074941 0.1484832718 -0.1)
(0.1395096158 0.1445426493 -0.1)
(0.1857488762 0.1390328852 -0.1)
(0.2317623355 0.1319610758 -0.1)
(0.277494089 0.1233363293 -0.1)
(0.3228885952 0.1131697541 -0.1)
(0.3678907465 0.1014744443 -0.1)
(0.4124459411 0.08826546301 -0.1)
(0.4565001526 0.07355982292 -0.1)
(0.5 0.05737646432 -0.1)
(-0.4564337544 0.1050296354 -0.1)
(-0.4123319756 0.1192357464 -0.1)
(-0.3677462314 0.131996038 -0.1)
(-0.3227287129 0.1432940753 -0.1)
(-0.2773321673 0.1531153069 -0.1)
(-0.2316098301 0.1614470834 -0.1)
(-0.1856153563 0.1682786738 -0.1)
(-0.1394027515 0.1736012794 -0.1)
(-0.09302630199 0.1774080447 -0.1)
(-0.04654050539 0.1796940668 -0.1)
(-9.332253171e-17 0.1804564015 -0.1)
(0.04654050539 0.1796940668 -0.1)
(0.09302630199 0.1774080447 -0.1)
(0.1394027515 0.1736012794 -0.1)
(0.1856153563 0.1682786738 -0.1)
(0.2316098301 0.1614470834 -0.1)
(0.2773321673 0.1531153069 -0.1)
(0.3227287129 0.1432940753 -0.1)
(0.3677462314 0.131996038 -0.1)
(0.4123319756 0.1192357464 -0.1)
(0.4564337544 0.1050296354 -0.1)
(0.5 0.08939600169 -0.1)
(-0.4563622784 0.1389061059 -0.1)
(-0.4122092946 0.1525744865 -0.1)
(-0.3675906644 0.1648517747 -0.1)
(-0.3225566035 0.1757221581 -0.1)
(-0.2771578626 0.1851716358 -0.1)
(-0.2314456618 0.1931880374 -0.1)
(-0.1854716255 0.1997610381 -0.1)
(-0.1392877147 0.2048821721 -0.1)
(-0.09294616119 0.2085448435 -0.1)
(-0.04649939957 0.210744335 -0.1)
(-8.979008178e-17 0.2114778137 -0.1)
(0.04649939957 0.210744335 -0.1)
(0.09294616119 0.2085448435 -0.1)
(0.1392877147 0.2048821721 -0.1)
(0.1854716255 0.1997610381 -0.1)
(0.2314456618 0.1931880374 -0.1)
(0.2771578626 0.1851716358 -0.1)
(0.3225566035 0.1757221581 -0.1)
(0.3675906644 0.1648517747 -0.1)
(0.4122092946 0.1525744865 -0.1)
(0.4563622784 0.1389061059 -0.1)
(0.5 0.1238642375 -0.1)
(-0.4562853362 0.1753732842 -0.1)
(-0.4120772315 0.1884628112 -0.1)
(-0.3674232005 0.2002201584 -0.1)
(-0.3223713321 0.2106301828 -0.1)
(-0.2769702278 0.2196794768 -0.1)
(-0.2312689388 0.2273563852 -0.1)
(-0.1853169027 0.2336510204 -0.1)
(-0.1391638805 0.2385552753 -0.1)
(-0.09285989161 0.2420628332 -0.1)
(-0.04645515018 0.2441691766 -0.1)
(-8.598748727e-17 0.2448715926 -0.1)
(0.04645515018 0.2441691766 -0.1)
(0.09285989161 0.2420628332 -0.1)
(0.1391638805 0.2385552753 -0.1)
(0.1853169027 0.2336510204 -0.1)
(0.2312689388 0.2273563852 -0.1)
(0.2769702278 0.2196794768 -0.1)
(0.3223713321 0.2106301828 -0.1)
(0.3674232005 0.2002201584 -0.1)
(0.4120772315 0.1884628112 -0.1)
(0.4562853362 0.1753732842 -0.1)
(0.5 0.1609684363 -0.1)
(-0.4562025099 0.2146292948 -0.1)
(-0.4119350688 0.2270957003 -0.1)
(-0.3672429297 0.2382933439 -0.1)
(-0.3221718921 0.2482078035 -0.1)
(-0.2767682437 0.2568263096 -0.1)
(-0.2310787008 0.264137762 -0.1)
(-0.1851503476 0.2701327437 -0.1)
(-0.139030576 0.2748035336 -0.1)
(-0.09276702456 0.2781441156 -0.1)
(-0.04640751681 0.2801501875 -0.1)
(-8.189408883e-17 0.2808191653 -0.1)
(0.04640751681 0.2801501875 -0.1)
(0.09276702456 0.2781441156 -0.1)
(0.139030576 0.2748035336 -0.1)
(0.1851503476 0.2701327437 -0.1)
(0.2310787008 0.264137762 -0.1)
(0.2767682437 0.2568263096 -0.1)
(0.3221718921 0.2482078035 -0.1)
(0.3672429297 0.2382933439 -0.1)
(0.4119350688 0.2270957003 -0.1)
(0.4562025099 0.2146292948 -0.1)
(0.5 0.2009101836 -0.1)
(-0.4561133494 0.2568874141 -0.1)
(-0.4117820343 0.2686830448 -0.1)
(-0.3670488727 0.2792781814 -0.1)
(-0.3219571998 0.2886591778 -0.1)
(-0.2765508129 0.2968139515 -0.1)
(-0.2308739143 0.3037319995 -0.1)
(-0.1849710551 0.3094044117 -0.1)
(-0.1388870771 0.3138238823 -0.1)
(-0.09266705549 0.316984719 -0.1)
(-0.04635624067 0.318882851 -0.1)
(-7.748764719e-17 0.3195158334 -0.1)
(0.04635624067 0.318882851 -0.1)
(0.09266705549 0.316984719 -0.1)
(0.1388870771 0.3138238823 -0.1)
(0.1849710551 0.3094044117 -0.1)
(0.2308739143 0.3037319995 -0.1)
(0.2765508129 0.2968139515 -0.1)
(0.3219571998 0.2886591778 -0.1)
(0.3670488727 0.2792781814 -0.1)
(0.4117820343 0.2686830448 -0.1)
(0.4561133494 0.2568874141 -0.1)
(0.5 0.2439064815 -0.1)
(-0.4560173703 0.3023772288 -0.1)
(-0.4116172964 0.3134507872 -0.1)
(-0.3668399751 0.3233973399 -0.1)
(-0.3217260889 0.3322040763 -0.1)
(-0.2763167539 0.3398596536 -0.1)
(-0.2306534668 0.3463542117 -0.1)
(-0.1847780512 0.3516793859 -0.1)
(-0.1387326041 0.3558283175 -0.1)
(-0.09255944126 0.3587956628 -0.1)
(-0.04630104318 0.3605776002 -0.1)
(-7.274422234e-17 0.3611718344 -0.1)
(0.04630104318 0.3605776002 -0.1)
(0.09255944126 0.3587956628 -0.1)
(0.1387326041 0.3558283175 -0.1)
(0.1847780512 0.3516793859 -0.1)
(0.2306534668 0.3463542117 -0.1)
(0.2763167539 0.3398596536 -0.1)
(0.3217260889 0.3322040763 -0.1)
(0.3668399751 0.3233973399 -0.1)
(0.4116172964 0.3134507872 -0.1)
(0.4560173703 0.3023772288 -0.1)
(0.5 0.2901909271 -0.1)
(-0.4559140512 0.3513458832 -0.1)
(-0.4114399602 0.3616421486 -0.1)
(-0.3666151021 0.370890517 -0.1)
(-0.3214773038 0.3790790769 -0.1)
(-0.2760647953 0.3861972816 -0.1)
(-0.2304161605 0.3922359633 -0.1)
(-0.1845702873 0.3971873443 -0.1)
(-0.1385663177 0.4010450474 -0.1)
(-0.09244359723 0.4038041042 -0.1)
(-0.04624162446 0.4054609609 -0.1)
(-6.763804343e-17 0.4060134837 -0.1)
(0.04624162446 0.4054609609 -0.1)
(0.09244359723 0.4038041042 -0.1)
(0.1385663177 0.4010450474 -0.1)
(0.1845702873 0.3971873443 -0.1)
(0.2304161605 0.3922359633 -0.1)
(0.2760647953 0.3861972816 -0.1)
(0.3214773038 0.3790790769 -0.1)
(0.3666151021 0.370890517 -0.1)
(0.4114399602 0.3616421486 -0.1)
(0.4559140512 0.3513458832 -0.1)
(0.5 0.3400149819 -0.1)
(-0.4558028308 0.404059422 -0.1)
(-0.4112490622 0.4135189509 -0.1)
(-0.3663730319 0.4220157412 -0.1)
(-0.3212094928 0.4295388494 -0.1)
(-0.2757935682 0.436078586 -0.1)
(-0.2301607062 0.441626528 -0.1)
(-0.1843466347 0.44617553 -0.1)
(-0.1383873146 0.449719733 -0.1)
(-0.09231889401 0.4522545721 -0.1)
(-0.04617766168 0.4537767827 -0.1)
(-6.21413688e-17 0.4542844042 -0.1)
(0.04617766168 0.4537767827 -0.1)
(0.09231889401 0.4522545721 -0.1)
(0.1383873146 0.449719733 -0.1)
(0.1843466347 0.44617553 -0.1)
(0.2301607062 0.441626528 -0.1)
(0.2757935682 0.436078586 -0.1)
(0.3212094928 0.4295388494 -0.1)
(0.3663730319 0.4220157412 -0.1)
(0.4112490622 0.4135189509 -0.1)
(0.4558028308 0.404059422 -0.1)
(0.5 0.393649338 -0.1)
(-0.4556831048 0.4608042358 -0.1)
(-0.4110435652 0.4693630387 -0.1)
(-0.3661124493 0.4770507739 -0.1)
(-0.3209212009 0.4838575399 -0.1)
(-0.2755015988 0.4897745698 -0.1)
(-0.229885716 0.4947942429 -0.1)
(-0.1841058781 0.4989100938 -0.1)
(-0.1381946221 0.5021168216 -0.1)
(-0.09218465409 0.5044102962 -0.1)
(-0.04610880734 0.5057875635 -0.1)
(-5.622433523e-17 0.5062468498 -0.1)
(0.04610880734 0.5057875635 -0.1)
(0.09218465409 0.5044102962 -0.1)
(0.1381946221 0.5021168216 -0.1)
(0.1841058781 0.4989100938 -0.1)
(0.229885716 0.4947942429 -0.1)
(0.2755015988 0.4897745698 -0.1)
(0.3209212009 0.4838575399 -0.1)
(0.3661124493 0.4770507739 -0.1)
(0.4110435652 0.4693630387 -0.1)
(0.4556831048 0.4608042358 -0.1)
(0.5 0.4513853887 -0.1)
(-0.4555542228 0.5218886169 -0.1)
(-0.4108223528 0.5294778106 -0.1)
(-0.3658319386 0.536294618 -0.1)
(-0.3206108619 0.5423302595 -0.1)
(-0.2751873011 0.5475769613 -0.1)
(-0.2295896959 0.5520279658 -0.1)
(-0.1838467097 0.5556775405 -0.1)
(-0.1379871935 0.5585209847 -0.1)
(-0.09204014816 0.5605546362 -0.1)
(-0.04603468735 0.5617758758 -0.1)
(-4.985479573e-17 0.5621831305 -0.1)
(0.04603468735 0.5617758758 -0.1)
(0.09204014816 0.5605546362 -0.1)
(0.1379871935 0.5585209847 -0.1)
(0.1838467097 0.5556775405 -0.1)
(0.2295896959 0.5520279658 -0.1)
(0.2751873011 0.5475769613 -0.1)
(0.3206108619 0.5423302595 -0.1)
(0.3658319386 0.536294618 -0.1)
(0.4108223528 0.5294778106 -0.1)
(0.4555542228 0.5218886169 -0.1)
(0.5 0.5135368116 -0.1)
(-0.4554154844 0.5876444343 -0.1)
(-0.4105842231 0.5941898677 -0.1)
(-0.3655299759 0.6000691431 -0.1)
(-0.3202767896 0.6052746882 -0.1)
(-0.2748489675 0.6097997984 -0.1)
(-0.2292710376 0.6136386455 -0.1)
(-0.1835677214 0.6167862853 -0.1)
(-0.1377639018 0.6192386637 -0.1)
(-0.09188459111 0.6209926222 -0.1)
(-0.04595489903 0.6220459017 -0.1)
(-4.299814483e-17 0.6223971457 -0.1)
(0.04595489903 0.6220459017 -0.1)
(0.09188459111 0.6209926222 -0.1)
(0.1377639018 0.6192386637 -0.1)
(0.1835677214 0.6167862853 -0.1)
(0.2292710376 0.6136386455 -0.1)
(0.2748489675 0.6097997984 -0.1)
(0.3202767896 0.6052746882 -0.1)
(0.3655299759 0.6000691431 -0.1)
(0.4105842231 0.5941898677 -0.1)
(0.4554154844 0.5876444343 -0.1)
(0.5 0.580441273 -0.1)
(-0.4552661361 0.6584289366 -0.1)
(-0.4103278825 0.6638507882 -0.1)
(-0.3652049205 0.6687208337 -0.1)
(-0.3199171691 0.6730328006 -0.1)
(-0.2744847597 0.6767811353 -0.1)
(-0.2289280098 0.6799610102 -0.1)
(-0.1832673973 0.6825683296 -0.1)
(-0.1375235337 0.6845997355 -0.1)
(-0.09171713782 0.6860526114 -0.1)
(-0.04586900889 0.6869250861 -0.1)
(-3.561713064e-17 0.6872160359 -0.1)
(0.04586900889 0.6869250861 -0.1)
(0.09171713782 0.6860526114 -0.1)
(0.1375235337 0.6845997355 -0.1)
(0.1832673973 0.6825683296 -0.1)
(0.2289280098 0.6799610102 -0.1)
(0.2744847597 0.6767811353 -0.1)
(0.3199171691 0.6730328006 -0.1)
(0.3652049205 0.6687208337 -0.1)
(0.4103278825 0.6638507882 -0.1)
(0.4552661361 0.6584289366 -0.1)
(0.5 0.6524622621 -0.1)
(-0.4551053662 0.7346266934 -0.1)
(-0.4100519382 0.7388390369 -0.1)
(-0.3648550064 0.7426226715 -0.1)
(-0.3195300466 0.7459727237 -0.1)
(-0.2740926991 0.7488848791 -0.1)
(-0.228558749 0.7513553867 -0.1)
(-0.182944106 0.7533810646 -0.1)
(-0.1372647835 0.7549593039 -0.1)
(-0.09153687852 0.7560880719 -0.1)
(-0.04577655028 0.7567659148 -0.1)
(-2.767165238e-17 0.7569919594 -0.1)
(0.04577655028 0.7567659148 -0.1)
(0.09153687852 0.7560880719 -0.1)
(0.1372647835 0.7549593039 -0.1)
(0.182944106 0.7533810646 -0.1)
(0.228558749 0.7513553867 -0.1)
(0.2740926991 0.7488848791 -0.1)
(0.3195300466 0.7459727237 -0.1)
(0.3648550064 0.7426226715 -0.1)
(0.4100519382 0.7388390369 -0.1)
(0.4551053662 0.7346266934 -0.1)
(0.5 0.729991066 -0.1)
(-0.4549323015 0.8166516838 -0.1)
(-0.409754891 0.8195620221 -0.1)
(-0.3644783327 0.8221761623 -0.1)
(-0.3191133188 0.8244907374 -0.1)
(-0.2736706555 0.8265027663 -0.1)
(-0.2281612489 0.8282096577 -0.1)
(-0.1825960909 0.8296092131 -0.1)
(-0.1369862454 0.8306996299 -0.1)
(-0.09134283386 0.8314795038 -0.1)
(-0.04567702089 0.8319478303 -0.1)
(-1.911854261e-17 0.8321040061 -0.1)
(0.04567702089 0.8319478303 -0.1)
(0.09134283386 0.8314795038 -0.1)
(0.1369862454 0.8306996299 -0.1)
(0.1825960909 0.8296092131 -0.1)
(0.2281612489 0.8282096577 -0.1)
(0.2736706555 0.8265027663 -0.1)
(0.3191133188 0.8244907374 -0.1)
(0.3644783327 0.8221761623 -0.1)
(0.409754891 0.8195620221 -0.1)
(0.4549323015 0.8166516838 -0.1)
(0.5 0.8134488957 -0.1)
(-0.4547460017 0.9049495464 -0.1)
(-0.409435127 0.9064583085 -0.1)
(-0.3640728527 0.907813517 -0.1)
(-0.3186647218 0.9090134267 -0.1)
(-0.2732163362 0.9100564919 -0.1)
(-0.2277333499 0.9109413694 -0.1)
(-0.1822214613 0.9116669195 -0.1)
(-0.136686406 0.9122322075 -0.1)
(-0.09113394961 0.9126365056 -0.1)
(-0.04556987998 0.9128792929 -0.1)
(-9.911332619e-18 0.9129602567 -0.1)
(0.04556987998 0.9128792929 -0.1)
(0.09113394961 0.9126365056 -0.1)
(0.136686406 0.9122322075 -0.1)
(0.1822214613 0.9116669195 -0.1)
(0.2277333499 0.9109413694 -0.1)
(0.2732163362 0.9100564919 -0.1)
(0.3186647218 0.9090134267 -0.1)
(0.3640728527 0.907813517 -0.1)
(0.409435127 0.9064583085 -0.1)
(0.4547460017 0.9049495464 -0.1)
(0.5 0.9032891742 -0.1)
(-0.4545454545 1 -0.1)
(-0.4090909091 1 -0.1)
(-0.3636363636 1 -0.1)
(-0.3181818182 1 -0.1)
(-0.2727272727 1 -0.1)
(-0.2272727273 1 -0.1)
(-0.1818181818 1 -0.1)
(-0.1363636364 1 -0.1)
(-0.09090909091 1 -0.1)
(-0.04545454545 1 -0.1)
(0 1 -0.1)
(0.04545454545 1 -0.1)
(0.09090909091 1 -0.1)
(0.1363636364 1 -0.1)
(0.1818181818 1 -0.1)
(0.2272727273 1 -0.1)
(0.2727272727 1 -0.1)
(0.3181818182 1 -0.1)
(0.3636363636 1 -0.1)
(0.4090909091 1 -0.1)
(0.4545454545 1 -0.1)
(0.5 1 -0.1)
(-0.456619133 0.01716842195 0.1)
(-0.4126501582 0.03276917827 0.1)
(-0.3681497061 0.04678217579 0.1)
(-0.3231750915 0.05918936631 0.1)
(-0.2777842399 0.06997476984 0.1)
(-0.2320356131 0.07912449522 0.1)
(-0.1859881333 0.08662675795 0.1)
(-0.1397011081 0.0924718954 0.1)
(-0.09323415326 0.09665237927 0.1)
(-0.04664711647 0.09916282526 0.1)
(-1.024842104e-16 0.1 0.1)
(0.04664711647 0.09916282526 0.1)
(0.09323415326 0.09665237927 0.1)
(0.1397011081 0.0924718954 0.1)
(0.1859881333 0.08662675795 0.1)
(0.2320356131 0.07912449522 0.1)
(0.2777842399 0.06997476984 0.1)
(0.3231750915 0.05918936631 0.1)
(0.3681497061 0.04678217579 0.1)
(0.4126501582 0.03276917827 0.1)
(0.456619133 0.01716842195 0.1)
(0.5 0 0.1)
(-0.4565618338 0.0443256944 0.1)
(-0.4125518103 0.05949537586 0.1)
(-0.368024995 0.07312117093 0.1)
(-0.3230371191 0.08518553012 0.1)
(-0.2776445075 0.095672915 0.1)
(-0.2319040066 0.1045698182 0.1)
(-0.1858729106 0.111864781 0.1)
(-0.1396088882 0.1175484075 0.1)
(-0.09316990792 0.1216133777 0.1)
(-0.04661416375 0.1240544559 0.1)
(-9.965240103e-17 0.1248684981 0.1)
(0.04661416375 0.1240544559 0.1)
(0.09316990792 0.1216133777 0.1)
(0.1396088882 0.1175484075 0.1)
(0.1858729106 0.111864781 0.1)
(0.2319040066 0.1045698182 0.1)
(0.2776445075 0.095672915 0.1)
(0.3230371191 0.08518553012 0.1)
(0.368024995 0.07312117093 0.1)
(0.4125518103 0.05949537586 0.1)
(0.4565618338 0.0443256944 0.1)
(0.5 0.02763166453 0.1)
(-0.4565001526 0.07355982292 0.1)
(-0.4124459411 0.08826546301 0.1)
(-0.3678907465 0.1014744443 0.1)
(-0.3228885952 0.1131697541 0.1)
(-0.277494089 0.1233363293 0.1)
(-0.2317623355 0.1319610758 0.1)
(-0.1857488762 0.1390328852 0.1)
(-0.1395096158 0.1445426493 0.1)
(-0.09310074941 0.1484832718 0.1)
(-0.04657869096 0.1508496773 0.1)
(-9.660402872e-17 0.1516388179 0.1)
(0.04657869096 0.1508496773 0.1)
(0.09310074941 0.1484832718 0.1)
(0.1395096158 0.1445426493 0.1)
(0.1857488762 0.1390328852 0.1)
(0.2317623355 0.1319610758 0.1)
(0.277494089 0.1233363293 0.1)
(0.3228885952 0.1131697541 0.1)
(0.3678907465 0.1014744443 0.1)
(0.4124459411 0.08826546301 0.1)
(0.4565001526 0.07355982292 0.1)
(0.5 0.05737646432 0.1)
(-0.4564337544 0.1050296354 0.1)
(-0.4123319756 0.1192357464 0.1)
(-0.3677462314 0.131996038 0.1)
(-0.3227287129 0.1432940753 0.1)
(-0.2773321673 0.1531153069 0.1)
(-0.2316098301 0.1614470834 0.1)
(-0.1856153563 0.1682786738 0.1)
(-0.1394027515 0.1736012794 0.1)
(-0.09302630199 0.1774080447 0.1)
(-0.04654050539 0.1796940668 0.1)
(-9.332253171e-17 0.1804564015 0.1)
(0.04654050539 0.1796940668 0.1)
(0.09302630199 0.1774080447 0.1)
(0.1394027515 0.1736012794 0.1)
(0.1856153563 0.1682786738 0.1)
(0.2316098301 0.1614470834 0.1)
(0.2773321673 0.1531153069 0.1)
(0.3227287129 0.1432940753 0.1)
(0.3677462314 0.131996038 0.1)
(0.4123319756 0.1192357464 0.1)
(0.4564337544 0.1050296354 0.1)
(0.5 0.08939600169 0.1)
(-0.4563622784 0.1389061059 0.1)
(-0.4122092946 0.1525744865 0.1)
(-0.3675906644 0.1648517747 0.1)
(-0.3225566035 0.1757221581 0.1)
(-0.2771578626 0.1851716358 0.1)
(-0.2314456618 0.1931880374 0.1)
(-0.1854716255 0.1997610381 0.1)
(-0.1392877147 0.2048821721 0.1)
(-0.09294616119 0.2085448435 0.1)
(-0.04649939957 0.210744335 0.1)
(-8.979008178e-17 0.2114778137 0.1)
(0.04649939957 0.210744335 0.1)
(0.09294616119 0.2085448435 0.1)
(0.1392877147 0.2048821721 0.1)
(0.1854716255 0.1997610381 0.1)
(0.2314456618 0.1931880374 0.1)
(0.2771578626 0.1851716358 0.1)
(0.3225566035 0.1757221581 0.1)
(0.3675906644 0.1648517747 0.1)
(0.4122092946 0.1525744865 0.1)
(0.4563622784 0.1389061059 0.1)
(0.5 0.1238642375 0.1)
(-0.4562853362 0.1753732842 0.1)
(-0.4120772315 0.1884628112 0.1)
(-0.3674232005 0.2002201584 0.1)
(-0.3223713321 0.2106301828 0.1)
(-0.2769702278 0.2196794768 0.1)
(-0.2312689388 0.2273563852 0.1)
(-0.1853169027 0.2336510204 0.1)
(-0.1391638805 0.2385552753 0.1)
(-0.09285989161 0.2420628332 0.1)
(-0.04645515018 0.2441691766 0.1)
(-8.598748727e-17 0.2448715926 0.1)
(0.04645515018 0.2441691766 0.1)
(0.09285989161 0.2420628332 0.1)
(0.1391638805 0.2385552753 0.1)
(0.1853169027 0.2336510204 0.1)
(0.2312689388 0.2273563852 0.1)
(0.2769702278 0.2196794768 0.1)
(0.3223713321 0.2106301828 0.1)
(0.3674232005 0.2002201584 0.1)
(0.4120772315 0.1884628112 0.1)
(0.4562853362 0.1753732842 0.1)
(0.5 0.1609684363 0.1)
(-0.4562025099 0.2146292948 0.1)
(-0.4119350688 0.2270957003 0.1)
(-0.3672429297 0.2382933439 0.1)
(-0.3221718921 0.2482078035 0.1)
(-0.2767682437 0.2568263096 0.1)
(-0.2310787008 0.264137762 0.1)
(-0.1851503476 0.2701327437 0.1)
(-0.139030576 0.2748035336 0.1)
(-0.09276702456 0.2781441156 0.1)
(-0.04640751681 0.2801501875 0.1)
(-8.189408883e-17 0.2808191653 0.1)
(0.04640751681 0.2801501875 0.1)
(0.09276702456 0.2781441156 0.1)
(0.139030576 0.2748035336 0.1)
(0.1851503476 0.2701327437 0.1)
(0.2310787008 0.264137762 0.1)
(0.2767682437 0.2568263096 0.1)
(0.3221718921 0.2482078035 0.1)
(0.3672429297 0.2382933439 0.1)
(0.4119350688 0.2270957003 0.1)
(0.4562025099 0.2146292948 0.1)
(0.5 0.2009101836 0.1)
(-0.4561133494 0.2568874141 0.1)
(-0.4117820343 0.2686830448 0.1)
(-0.3670488727 0.2792781814 0.1)
(-0.3219571998 0.2886591778 0.1)
(-0.2765508129 0.2968139515 0.1)
(-0.2308739143 0.3037319995 0.1)
(-0.1849710551 0.3094044117 0.1)
(-0.1388870771 0.3138238823 0.1)
(-0.09266705549 0.316984719 0.1)
(-0.04635624067 0.318882851 0.1)
(-7.748764719e-17 0.3195158334 0.1)
(0.04635624067 0.318882851 0.1)
(0.09266705549 0.316984719 0.1)
(0.1388870771 0.3138238823 0.1)
(0.1849710551 0.3094044117 0.1)
(0.2308739143 0.3037319995 0.1)
(0.2765508129 0.2968139515 0.1)
(0.3219571998 0.2886591778 0.1)
(0.3670488727 0.2792781814 0.1)
(0.4117820343 0.2686830448 0.1)
(0.4561133494 0.2568874141 0.1)
(0.5 0.2439064815 0.1)
(-0.4560173703 0.3023772288 0.1)
(-0.4116172964 0.3134507872 0.1)
(-0.3668399751 0.3233973399 0.1)
(-0.3217260889 0.3322040763 0.1)
(-0.2763167539 0.3398596536 0.1)
(-0.2306534668 0.3463542117 0.1)
(-0.1847780512 0.3516793859 0.1)
(-0.1387326041 0.3558283175 0.1)
(-0.09255944126 0.3587956628 0.1)
(-0.04630104318 0.3605776002 0.1)
(-7.274422234e-17 0.3611718344 0.1)
(0.04630104318 0.3605776002 0.1)
(0.09255944126 0.3587956628 0.1)
(0.1387326041 0.3558283175 0.1)
(0.1847780512 0.3516793859 0.1)
(0.2306534668 0.3463542117 0.1)
(0.2763167539 0.3398596536 0.1)
(0.3217260889 0.3322040763 0.1)
(0.3668399751 0.3233973399 0.1)
(0.4116172964 0.3134507872 0.1)
(0.4560173703 0.3023772288 0.1)
(0.5 0.2901909271 0.1)
(-0.4559140512 0.3513458832 0.1)
(-0.4114399602 0.3616421486 0.1)
(-0.3666151021 0.370890517 0.1)
(-0.3214773038 0.3790790769 0.1)
(-0.2760647953 0.3861972816 0.1)
(-0.2304161605 0.3922359633 0.1)
(-0.1845702873 0.3971873443 0.1)
(-0.1385663177 0.4010450474 0.1)
(-0.09244359723 0.4038041042 0.1)
(-0.04624162446 0.4054609609 0.1)
(-6.763804343e-17 0.4060134837 0.1)
(0.04624162446 0.4054609609 0.1)
(0.09244359723 0.4038041042 0.1)
(0.1385663177 0.4010450474 0.1)
(0.1845702873 0.3971873443 0.1)
(0.2304161605 0.3922359633 0.1)
(0.2760647953 0.3861972816 0.1)
(0.3214773038 0.3790790769 0.1)
(0.3666151021 0.370890517 0.1)
(0.4114399602 0.3616421486 0.1)
(0.4559140512 0.3513458832 0.1)
(0.5 0.3400149819 0.1)
(-0.4558028308 0.404059422 0.1)
(-0.4112490622 0.4135189509 0.1)
(-0.3663730319 0.4220157412 0.1)
(-0.3212094928 0.4295388494 0.1)
(-0.2757935682 0.436078586 0.1)
(-0.2301607062 0.441626528 0.1)
(-0.1843466347 0.44617553 0.1)
(-0.1383873146 0.449719733 0.1)
(-0.09231889401 0.4522545721 0.1)
(-0.04617766168 0.4537767827 0.1)
(-6.21413688e-17 0.4542844042 0.1)
(0.04617766168 0.4537767827 0.1)
(0.09231889401 0.4522545721 0.1)
(0.1383873146 0.449719733 0.1)
(0.1843466347 0.44617553 0.1)
(0.2301607062 0.441626528 0.1)
(0.2757935682 0.436078586 0.1)
(0.3212094928 0.4295388494 0.1)
(0.3663730319 0.4220157412 0.1)
(0.4112490622 0.4135189509 0.1)
(0.4558028308 0.404059422 0.1)
(0.5 0.393649338 0.1)
(-0.4556831048 0.4608042358 0.1)
(-0.4110435652 0.4693630387 0.1)
(-0.3661124493 0.4770507739 0.1)
(-0.3209212009 0.4838575399 0.1)
(-0.2755015988 0.4897745698 0.1)
(-0.229885716 0.4947942429 0.1)
(-0.1841058781 0.4989100938 0.1)
(-0.1381946221 0.5021168216 0.1)
(-0.09218465409 0.5044102962 0.1)
(-0.04610880734 0.5057875635 0.1)
(-5.622433523e-17 0.5062468498 0.1)
(0.04610880734 0.5057875635 0.1)
(0.09218465409 0.5044102962 0.1)
(0.1381946221 0.5021168216 0.1)
(0.1841058781 0.4989100938 0.1)
(0.229885716 0.4947942429 0.1)
(0.2755015988 0.4897745698 0.1)
(0.3209212009 0.4838575399 0.1)
(0.3661124493 0.4770507739 0.1)
(0.4110435652 0.4693630387 0.1)
(0.4556831048 0.4608042358 0.1)
(0.5 0.4513853887 0.1)
(-0.4555542228 0.5218886169 0.1)
(-0.4108223528 0.5294778106 0.1)
(-0.3658319386 0.536294618 0.1)
(-0.3206108619 0.5423302595 0.1)
(-0.2751873011 0.5475769613 0.1)
(-0.2295896959 0.5520279658 0.1)
(-0.1838467097 0.5556775405 0.1)
(-0.1379871935 0.5585209847 0.1)
(-0.09204014816 0.5605546362 0.1)
(-0.04603468735 0.5617758758 0.1)
(-4.985479573e-17 0.5621831305 0.1)
(0.04603468735 0.5617758758 0.1)
(0.09204014816 0.5605546362 0.1)
(0.1379871935 0.5585209847 0.1)
(0.1838467097 0.5556775405 0.1)
(0.2295896959 0.5520279658 0.1)
(0.2751873011 0.5475769613 0.1)
(0.3206108619 0.5423302595 0.1)
(0.3658319386 0.536294618 0.1)
(0.4108223528 0.5294778106 0.1)
(0.4555542228 0.5218886169 0.1)
(0.5 0.5135368116 0.1)
(-0.4554154844 0.5876444343 0.1)
(-0.4105842231 0.5941898677 0.1)
(-0.3655299759 0.6000691431 0.1)
(-0.3202767896 0.6052746882 0.1)
(-0.2748489675 0.6097997984 0.1)
(-0.2292710376 0.6136386455 0.1)
(-0.1835677214 0.6167862853 0.1)
(-0.1377639018 0.6192386637 0.1)
(-0.09188459111 0.6209926222 0.1)
(-0.04595489903 0.6220459017 0.1)
(-4.299814483e-17 0.6223971457 0.1)
(0.04595489903 0.6220459017 0.1)
(0.09188459111 0.6209926222 0.1)
(0.1377639018 0.6192386637 0.1)
(0.1835677214 0.6167862853 0.1)
(0.2292710376 0.6136386455 0.1)
(0.2748489675 0.6097997984 0.1)
(0.3202767896 0.6052746882 0.1)
(0.3655299759 0.6000691431 0.1)
(0.4105842231 0.5941898677 0.1)
(0.4554154844 0.5876444343 0.1)
(0.5 0.580441273 0.1)
(-0.4552661361 0.6584289366 0.1)
(-0.4103278825 0.6638507882 0.1)
(-0.3652049205 0.6687208337 0.1)
(-0.3199171691 0.6730328006 0.1)
(-0.2744847597 0.6767811353 0.1)
(-0.2289280098 0.6799610102 0.1)
(-0.1832673973 0.6825683296 0.1)
(-0.1375235337 0.6845997355 0.1)
(-0.09171713782 0.6860526114 0.1)
(-0.04586900889 0.6869250861 0.1)
(-3.561713064e-17 0.6872160359 0.1)
(0.04586900889 0.6869250861 0.1)
(0.09171713782 0.6860526114 0.1)
(0.1375235337 0.6845997355 0.1)
(0.1832673973 0.6825683296 0.1)
(0.2289280098 0.6799610102 0.1)
(0.2744847597 0.6767811353 0.1)
(0.3199171691 0.6730328006 0.1)
(0.3652049205 0.6687208337 0.1)
(0.4103278825 0.6638507882 0.1)
(0.4552661361 0.6584289366 0.1)
(0.5 0.6524622621 0.1)
(-0.4551053662 0.7346266934 0.1)
(-0.4100519382 0.7388390369 0.1)
(-0.3648550064 0.7426226715 0.1)
(-0.3195300466 0.7459727237 0.1)
(-0.2740926991 0.7488848791 0.1)
(-0.228558749 0.7513553867 0.1)
(-0.182944106 0.7533810646 0.1)
(-0.1372647835 0.7549593039 0.1)
(-0.09153687852 0.7560880719 0.1)
(-0.04577655028 0.7567659148 0.1)
(-2.767165238e-17 0.7569919594 0.1)
(0.04577655028 0.7567659148 0.1)
(0.09153687852 0.7560880719 0.1)
(0.1372647835 0.7549593039 0.1)
(0.182944106 0.7533810646 0.1)
(0.228558749 0.7513553867 0.1)
(0.2740926991 0.7488848791 0.1)
(0.3195300466 0.7459727237 0.1)
(0.3648550064 0.7426226715 0.1)
(0.4100519382 0.7388390369 0.1)
(0.4551053662 0.7346266934 0.1)
(0.5 0.729991066 0.1)
(-0.4549323015 0.8166516838 0.1)
(-0.409754891 0.8195620221 0.1)
(-0.3644783327 0.8221761623 0.1)
(-0.3191133188 0.8244907374 0.1)
(-0.2736706555 0.8265027663 0.1)
(-0.2281612489 0.8282096577 0.1)
(-0.1825960909 0.8296092131 0.1)
(-0.1369862454 0.8306996299 0.1)
(-0.09134283386 0.8314795038 0.1)
(-0.04567702089 0.8319478303 0.1)
(-1.911854261e-17 0.8321040061 0.1)
(0.04567702089 0.8319478303 0.1)
(0.09134283386 0.8314795038 0.1)
(0.1369862454 0.8306996299 0.1)
(0.1825960909 0.8296092131 0.1)
(0.2281612489 0.8282096577 0.1)
(0.2736706555 0.8265027663 0.1)
(0.3191133188 0.8244907374 0.1)
(0.3644783327 0.8221761623 0.1)
(0.409754891 0.8195620221 0.1)
(0.4549323015 0.8166516838 0.1)
(0.5 0.8134488957 0.1)
(-0.4547460017 0.9049495464 0.1)
(-0.409435127 0.9064583085 0.1)
(-0.3640728527 0.907813517 0.1)
(-0.3186647218 0.9090134267 0.1)
(-0.2732163362 0.9100564919 0.1)
(-0.2277333499 0.9109413694 0.1)
(-0.1822214613 0.9116669195 0.1)
(-0.136686406 0.9122322075 0.1)
(-0.09113394961 0.9126365056 0.1)
(-0.04556987998 0.9128792929 0.1)
(-9.911332619e-18 0.9129602567 0.1)
(0.04556987998 0.9128792929 0.1)
(0.09113394961 0.9126365056 0.1)
(0.136686406 0.9122322075 0.1)
(0.1822214613 0.9116669195 0.1)
(0.2277333499 0.9109413694 0.1)
(0.2732163362 0.9100564919 0.1)
(0.3186647218 0.9090134267 0.1)
(0.3640728527 0.907813517 0.1)
(0.409435127 0.9064583085 0.1)
(0.4547460017 0.9049495464 0.1)
(0.5 0.9032891742 0.1)
(-0.4545454545 1 0.1)
(-0.4090909091 1 0.1)
(-0.3636363636 1 0.1)
(-0.3181818182 1 0.1)
(-0.2727272727 1 0.1)
(-0.2272727273 1 0.1)
(-0.1818181818 1 0.1)
(-0.1363636364 1 0.1)
(-0.09090909091 1 0.1)
(-0.04545454545 1 0.1)
(0 1 0.1)
(0.04545454545 1 0.1)
(0.09090909091 1 0.1)
(0.1363636364 1 0.1)
(0.1818181818 1 0.1)
(0.2272727273 1 0.1)
(0.2727272727 1 0.1)
(0.3181818182 1 0.1)
(0.3636363636 1 0.1)
(0.4090909091 1 0.1)
(0.4545454545 1 0.1)
(0.5 1 0.1)
(0.5454545455 0 -0.1)
(0.5909090909 0 -0.1)
(0.6363636364 0 -0.1)
(0.6818181818 0 -0.1)
(0.7272727273 0 -0.1)
(0.7727272727 0 -0.1)
(0.8181818182 0 -0.1)
(0.8636363636 0 -0.1)
(0.9090909091 0 -0.1)
(0.9545454545 0 -0.1)
(1 0 -0.1)
(1.045454545 0 -0.1)
(1.090909091 0 -0.1)
(1.136363636 0 -0.1)
(1.181818182 0 -0.1)
(1.227272727 0 -0.1)
(1.272727273 0 -0.1)
(1.318181818 0 -0.1)
(1.363636364 0 -0.1)
(1.409090909 0 -0.1)
(1.454545455 0 -0.1)
(1.5 0 -0.1)
(0.5454545455 0.02763166453 -0.1)
(0.5909090909 0.02763166453 -0.1)
(0.6363636364 0.02763166453 -0.1)
(0.6818181818 0.02763166453 -0.1)
(0.7272727273 0.02763166453 -0.1)
(0.7727272727 0.02763166453 -0.1)
(0.8181818182 0.02763166453 -0.1)
(0.8636363636 0.02763166453 -0.1)
(0.9090909091 0.02763166453 -0.1)
(0.9545454545 0.02763166453 -0.1)
(1 0.02763166453 -0.1)
(1.045454545 0.02763166453 -0.1)
(1.090909091 0.02763166453 -0.1)
(1.136363636 0.02763166453 -0.1)
(1.181818182 0.02763166453 -0.1)
(1.227272727 0.02763166453 -0.1)
(1.272727273 0.02763166453 -0.1)
(1.318181818 0.02763166453 -0.1)
(1.363636364 0.02763166453 -0.1)
(1.409090909 0.02763166453 -0.1)
(1.454545455 0.02763166453 -0.1)
(1.5 0.02763166453 -0.1)
(0.5454545455 0.05737646432 -0.1)
(0.5909090909 0.05737646432 -0.1)
(0.6363636364 0.05737646432 -0.1)
(0.6818181818 0.05737646432 -0.1)
(0.7272727273 0.05737646432 -0.1)
(0.7727272727 0.05737646432 -0.1)
(0.8181818182 0.05737646432 -0.1)
(0.8636363636 0.05737646432 -0.1)
(0.9090909091 0.05737646432 -0.1)
(0.9545454545 0.05737646432 -0.1)
(1 0.05737646432 -0.1)
(1.045454545 0.05737646432 -0.1)
(1.090909091 0.05737646432 -0.1)
(1.136363636 0.05737646432 -0.1)
(1.181818182 0.05737646432 -0.1)
(1.227272727 0.05737646432 -0.1)
(1.272727273 0.05737646432 -0.1)
(1.318181818 0.05737646432 -0.1)
(1.363636364 0.05737646432 -0.1)
(1.409090909 0.05737646432 -0.1)
(1.454545455 0.05737646432 -0.1)
(1.5 0.05737646432 -0.1)
(0.5454545455 0.08939600169 -0.1)
(0.5909090909 0.08939600169 -0.1)
(0.6363636364 0.08939600169 -0.1)
(0.6818181818 0.08939600169 -0.1)
(0.7272727273 0.08939600169 -0.1)
(0.7727272727 0.08939600169 -0.1)
(0.8181818182 0.08939600169 -0.1)
(0.8636363636 0.08939600169 -0.1)
(0.9090909091 0.08939600169 -0.1)
(0.9545454545 0.08939600169 -0.1)
(1 0.08939600169 -0.1)
(1.045454545 0.08939600169 -0.1)
(1.090909091 0.08939600169 -0.1)
(1.136363636 0.08939600169 -0.1)
(1.181818182 0.08939600169 -0.1)
(1.227272727 0.08939600169 -0.1)
(1.272727273 0.08939600169 -0.1)
(1.318181818 0.08939600169 -0.1)
(1.363636364 0.08939600169 -0.1)
(1.409090909 0.08939600169 -0.1)
(1.454545455 0.08939600169 -0.1)
(1.5 0.08939600169 -0.1)
(0.5454545455 0.1238642375 -0.1)
(0.5909090909 0.1238642375 -0.1)
(0.6363636364 0.1238642375 -0.1)
(0.6818181818 0.1238642375 -0.1)
(0.7272727273 0.1238642375 -0.1)
(0.7727272727 0.1238642375 -0.1)
(0.8181818182 0.1238642375 -0.1)
(0.8636363636 0.1238642375 -0.1)
(0.9090909091 0.1238642375 -0.1)
(0.9545454545 0.1238642375 -0.1)
(1 0.1238642375 -0.1)
(1.045454545 0.1238642375 -0.1)
(1.090909091 0.1238642375 -0.1)
(1.136363636 0.1238642375 -0.1)
(1.181818182 0.1238642375 -0.1)
(1.227272727 0.1238642375 -0.1)
(1.272727273 0.1238642375 -0.1)
(1.318181818 0.1238642375 -0.1)
(1.363636364 0.1238642375 -0.1)
(1.409090909 0.1238642375 -0.1)
(1.454545455 0.1238642375 -0.1)
(1.5 0.1238642375 -0.1)
(0.5454545455 0.1609684363 -0.1)
(0.5909090909 0.1609684363 -0.1)
(0.6363636364 0.1609684363 -0.1)
(0.6818181818 0.1609684363 -0.1)
(0.7272727273 0.1609684363 -0.1)
(0.7727272727 0.1609684363 -0.1)
(0.8181818182 0.1609684363 -0.1)
(0.8636363636 0.1609684363 -0.1)
(0.9090909091 0.1609684363 -0.1)
(0.9545454545 0.1609684363 -0.1)
(1 0.1609684363 -0.1)
(1.045454545 0.1609684363 -0.1)
(1.090909091 0.1609684363 -0.1)
(1.136363636 0.1609684363 -0.1)
(1.181818182 0.1609684363 -0.1)
(1.227272727 0.1609684363 -0.1)
(1.272727273 0.1609684363 -0.1)
(1.318181818 0.1609684363 -0.1)
(1.363636364 0.1609684363 -0.1)
(1.409090909 0.1609684363 -0.1)
(1.454545455 0.1609684363 -0.1)
(1.5 0.1609684363 -0.1)
(0.5454545455 0.2009101836 -0.1)
(0.5909090909 0.2009101836 -0.1)
(0.6363636364 0.2009101836 -0.1)
(0.6818181818 0.2009101836 -0.1)
(0.7272727273 0.2009101836 -0.1)
(0.7727272727 0.2009101836 -0.1)
(0.8181818182 0.2009101836 -0.1)
(0.8636363636 0.2009101836 -0.1)
(0.9090909091 0.2009101836 -0.1)
(0.9545454545 0.2009101836 -0.1)
(1 0.2009101836 -0.1)
(1.045454545 0.2009101836 -0.1)
(1.090909091 0.2009101836 -0.1)
(1.136363636 0.2009101836 -0.1)
(1.181818182 0.2009101836 -0.1)
(1.227272727 0.2009101836 -0.1)
(1.272727273 0.2009101836 -0.1)
(1.318181818 0.2009101836 -0.1)
(1.363636364 0.2009101836 -0.1)
(1.409090909 0.2009101836 -0.1)
(1.454545455 0.2009101836 -0.1)
(1.5 0.2009101836 -0.1)
(0.5454545455 0.2439064815 -0.1)
(0.5909090909 0.2439064815 -0.1)
(0.6363636364 0.2439064815 -0.1)
(0.6818181818 0.2439064815 -0.1)
(0.7272727273 0.2439064815 -0.1)
(0.7727272727 0.2439064815 -0.1)
(0.8181818182 0.2439064815 -0.1)
(0.8636363636 0.2439064815 -0.1)
(0.9090909091 0.2439064815 -0.1)
(0.9545454545 0.2439064815 -0.1)
(1 0.2439064815 -0.1)
(1.045454545 0.2439064815 -0.1)
(1.090909091 0.2439064815 -0.1)
(1.136363636 0.2439064815 -0.1)
(1.181818182 0.2439064815 -0.1)
(1.227272727 0.2439064815 -0.1)
(1.272727273 0.2439064815 -0.1)
(1.318181818 0.2439064815 -0.1)
(1.363636364 0.2439064815 -0.1)
(1.409090909 0.2439064815 -0.1)
(1.454545455 0.2439064815 -0.1)
(1.5 0.2439064815 -0.1)
(0.5454545455 0.2901909271 -0.1)
(0.5909090909 0.2901909271 -0.1)
(0.6363636364 0.2901909271 -0.1)
(0.6818181818 0.2901909271 -0.1)
(0.7272727273 0.2901909271 -0.1)
(0.7727272727 0.2901909271 -0.1)
(0.8181818182 0.2901909271 -0.1)
(0.8636363636 0.2901909271 -0.1)
(0.9090909091 0.2901909271 -0.1)
(0.9545454545 0.2901909271 -0.1)
(1 0.2901909271 -0.1)
(1.045454545 0.2901909271 -0.1)
(1.090909091 0.2901909271 -0.1)
(1.136363636 0.2901909271 -0.1)
(1.181818182 0.2901909271 -0.1)
(1.227272727 0.2901909271 -0.1)
(1.272727273 0.2901909271 -0.1)
(1.318181818 0.2901909271 -0.1)
(1.363636364 0.2901909271 -0.1)
(1.409090909 0.2901909271 -0.1)
(1.454545455 0.2901909271 -0.1)
(1.5 0.2901909271 -0.1)
(0.5454545455 0.3400149819 -0.1)
(0.5909090909 0.3400149819 -0.1)
(0.6363636364 0.3400149819 -0.1)
(0.6818181818 0.3400149819 -0.1)
(0.7272727273 0.3400149819 -0.1)
(0.7727272727 0.3400149819 -0.1)
(0.8181818182 0.3400149819 -0.1)
(0.8636363636 0.3400149819 -0.1)
(0.9090909091 0.3400149819 -0.1)
(0.9545454545 0.3400149819 -0.1)
(1 0.3400149819 -0.1)
(1.045454545 0.3400149819 -0.1)
(1.090909091 0.3400149819 -0.1)
(1.136363636 0.3400149819 -0.1)
(1.181818182 0.3400149819 -0.1)
(1.227272727 0.3400149819 -0.1)
(1.272727273 0.3400149819 -0.1)
(1.318181818 0.3400149819 -0.1)
(1.363636364 0.3400149819 -0.1)
(1.409090909 0.3400149819 -0.1)
(1.454545455 0.3400149819 -0.1)
(1.5 0.3400149819 -0.1)
(0.5454545455 0.393649338 -0.1)
(0.5909090909 0.393649338 -0.1)
(0.6363636364 0.393649338 -0.1)
(0.6818181818 0.393649338 -0.1)
(0.7272727273 0.393649338 -0.1)
(0.7727272727 0.393649338 -0.1)
(0.8181818182 0.393649338 -0.1)
(0.8636363636 0.393649338 -0.1)
(0.9090909091 0.393649338 -0.1)
(0.9545454545 0.393649338 -0.1)
(1 0.393649338 -0.1)
(1.045454545 0.393649338 -0.1)
(1.090909091 0.393649338 -0.1)
(1.136363636 0.393649338 -0.1)
(1.181818182 0.393649338 -0.1)
(1.227272727 0.393649338 -0.1)
(1.272727273 0.393649338 -0.1)
(1.318181818 0.393649338 -0.1)
(1.363636364 0.393649338 -0.1)
(1.409090909 0.393649338 -0.1)
(1.454545455 0.393649338 -0.1)
(1.5 0.393649338 -0.1)
(0.5454545455 0.4513853887 -0.1)
(0.5909090909 0.4513853887 -0.1)
(0.6363636364 0.4513853887 -0.1)
(0.6818181818 0.4513853887 -0.1)
(0.7272727273 0.4513853887 -0.1)
(0.7727272727 0.4513853887 -0.1)
(0.8181818182 0.4513853887 -0.1)
(0.8636363636 0.4513853887 -0.1)
(0.9090909091 0.4513853887 -0.1)
(0.9545454545 0.4513853887 -0.1)
(1 0.4513853887 -0.1)
(1.045454545 0.4513853887 -0.1)
(1.090909091 0.4513853887 -0.1)
(1.136363636 0.4513853887 -0.1)
(1.181818182 0.4513853887 -0.1)
(1.227272727 0.4513853887 -0.1)
(1.272727273 0.4513853887 -0.1)
(1.318181818 0.4513853887 -0.1)
(1.363636364 0.4513853887 -0.1)
(1.409090909 0.4513853887 -0.1)
(1.454545455 0.4513853887 -0.1)
(1.5 0.4513853887 -0.1)
(0.5454545455 0.5135368116 -0.1)
(0.5909090909 0.5135368116 -0.1)
(0.6363636364 0.5135368116 -0.1)
(0.6818181818 0.5135368116 -0.1)
(0.7272727273 0.5135368116 -0.1)
(0.7727272727 0.5135368116 -0.1)
(0.8181818182 0.5135368116 -0.1)
(0.8636363636 0.5135368116 -0.1)
(0.9090909091 0.5135368116 -0.1)
(0.9545454545 0.5135368116 -0.1)
(1 0.5135368116 -0.1)
(1.045454545 0.5135368116 -0.1)
(1.090909091 0.5135368116 -0.1)
(1.136363636 0.5135368116 -0.1)
(1.181818182 0.5135368116 -0.1)
(1.227272727 0.5135368116 -0.1)
(1.272727273 0.5135368116 -0.1)
(1.318181818 0.5135368116 -0.1)
(1.363636364 0.5135368116 -0.1)
(1.409090909 0.5135368116 -0.1)
(1.454545455 0.5135368116 -0.1)
(1.5 0.5135368116 -0.1)
(0.5454545455 0.580441273 -0.1)
(0.5909090909 0.580441273 -0.1)
(0.6363636364 0.580441273 -0.1)
(0.6818181818 0.580441273 -0.1)
(0.7272727273 0.580441273 -0.1)
(0.7727272727 0.580441273 -0.1)
(0.8181818182 0.580441273 -0.1)
(0.8636363636 0.580441273 -0.1)
(0.9090909091 0.580441273 -0.1)
(0.9545454545 0.580441273 -0.1)
(1 0.580441273 -0.1)
(1.045454545 0.580441273 -0.1)
(1.090909091 0.580441273 -0.1)
(1.136363636 0.580441273 -0.1)
(1.181818182 0.580441273 -0.1)
(1.227272727 0.580441273 -0.1)
(1.272727273 0.580441273 -0.1)
(1.318181818 0.580441273 -0.1)
(1.363636364 0.580441273 -0.1)
(1.409090909 0.580441273 -0.1)
(1.454545455 0.580441273 -0.1)
(1.5 0.580441273 -0.1)
(0.5454545455 0.6524622621 -0.1)
(0.5909090909 0.6524622621 -0.1)
(0.6363636364 0.6524622621 -0.1)
(0.6818181818 0.6524622621 -0.1)
(0.7272727273 0.6524622621 -0.1)
(0.7727272727 0.6524622621 -0.1)
(0.8181818182 0.6524622621 -0.1)
(0.8636363636 0.6524622621 -0.1)
(0.9090909091 0.6524622621 -0.1)
(0.9545454545 0.6524622621 -0.1)
(1 0.6524622621 -0.1)
(1.045454545 0.6524622621 -0.1)
(1.090909091 0.6524622621 -0.1)
(1.136363636 0.6524622621 -0.1)
(1.181818182 0.6524622621 -0.1)
(1.227272727 0.6524622621 -0.1)
(1.272727273 0.6524622621 -0.1)
(1.318181818 0.6524622621 -0.1)
(1.363636364 0.6524622621 -0.1)
(1.409090909 0.6524622621 -0.1)
(1.454545455 0.6524622621 -0.1)
(1.5 0.6524622621 -0.1)
(0.5454545455 0.729991066 -0.1)
(0.5909090909 0.729991066 -0.1)
(0.6363636364 0.729991066 -0.1)
(0.6818181818 0.729991066 -0.1)
(0.7272727273 0.729991066 -0.1)
(0.7727272727 0.729991066 -0.1)
(0.8181818182 0.729991066 -0.1)
(0.8636363636 0.729991066 -0.1)
(0.9090909091 0.729991066 -0.1)
(0.9545454545 0.729991066 -0.1)
(1 0.729991066 -0.1)
(1.045454545 0.729991066 -0.1)
(1.090909091 0.729991066 -0.1)
(1.136363636 0.729991066 -0.1)
(1.181818182 0.729991066 -0.1)
(1.227272727 0.729991066 -0.1)
(1.272727273 0.729991066 -0.1)
(1.318181818 0.729991066 -0.1)
(1.363636364 0.729991066 -0.1)
(1.409090909 0.729991066 -0.1)
(1.454545455 0.729991066 -0.1)
(1.5 0.729991066 -0.1)
(0.5454545455 0.8134488957 -0.1)
(0.5909090909 0.8134488957 -0.1)
(0.6363636364 0.8134488957 -0.1)
(0.6818181818 0.8134488957 -0.1)
(0.7272727273 0.8134488957 -0.1)
(0.7727272727 0.8134488957 -0.1)
(0.8181818182 0.8134488957 -0.1)
(0.8636363636 0.8134488957 -0.1)
(0.9090909091 0.8134488957 -0.1)
(0.9545454545 0.8134488957 -0.1)
(1 0.8134488957 -0.1)
(1.045454545 0.8134488957 -0.1)
(1.090909091 0.8134488957 -0.1)
(1.136363636 0.8134488957 -0.1)
(1.181818182 0.8134488957 -0.1)
(1.227272727 0.8134488957 -0.1)
(1.272727273 0.8134488957 -0.1)
(1.318181818 0.8134488957 -0.1)
(1.363636364 0.8134488957 -0.1)
(1.409090909 0.8134488957 -0.1)
(1.454545455 0.8134488957 -0.1)
(1.5 0.8134488957 -0.1)
(0.5454545455 0.9032891742 -0.1)
(0.5909090909 0.9032891742 -0.1)
(0.6363636364 0.9032891742 -0.1)
(0.6818181818 0.9032891742 -0.1)
(0.7272727273 0.9032891742 -0.1)
(0.7727272727 0.9032891742 -0.1)
(0.8181818182 0.9032891742 -0.1)
(0.8636363636 0.9032891742 -0.1)
(0.9090909091 0.9032891742 -0.1)
(0.9545454545 0.9032891742 -0.1)
(1 0.9032891742 -0.1)
(1.045454545 0.9032891742 -0.1)
(1.090909091 0.9032891742 -0.1)
(1.136363636 0.9032891742 -0.1)
(1.181818182 0.9032891742 -0.1)
(1.227272727 0.9032891742 -0.1)
(1.272727273 0.9032891742 -0.1)
(1.318181818 0.9032891742 -0.1)
(1.363636364 0.9032891742 -0.1)
(1.409090909 0.9032891742 -0.1)
(1.454545455 0.9032891742 -0.1)
(1.5 0.9032891742 -0.1)
(0.5454545455 1 -0.1)
(0.5909090909 1 -0.1)
(0.6363636364 1 -0.1)
(0.6818181818 1 -0.1)
(0.7272727273 1 -0.1)
(0.7727272727 1 -0.1)
(0.8181818182 1 -0.1)
(0.8636363636 1 -0.1)
(0.9090909091 1 -0.1)
(0.9545454545 1 -0.1)
(1 1 -0.1)
(1.045454545 1 -0.1)
(1.090909091 1 -0.1)
(1.136363636 1 -0.1)
(1.181818182 1 -0.1)
(1.227272727 1 -0.1)
(1.272727273 1 -0.1)
(1.318181818 1 -0.1)
(1.363636364 1 -0.1)
(1.409090909 1 -0.1)
(1.454545455 1 -0.1)
(1.5 1 -0.1)
(0.5454545455 0 0.1)
(0.5909090909 0 0.1)
(0.6363636364 0 0.1)
(0.6818181818 0 0.1)
(0.7272727273 0 0.1)
(0.7727272727 0 0.1)
(0.8181818182 0 0.1)
(0.8636363636 0 0.1)
(0.9090909091 0 0.1)
(0.9545454545 0 0.1)
(1 0 0.1)
(1.045454545 0 0.1)
(1.090909091 0 0.1)
(1.136363636 0 0.1)
(1.181818182 0 0.1)
(1.227272727 0 0.1)
(1.272727273 0 0.1)
(1.318181818 0 0.1)
(1.363636364 0 0.1)
(1.409090909 0 0.1)
(1.454545455 0 0.1)
(1.5 0 0.1)
(0.5454545455 0.02763166453 0.1)
(0.5909090909 0.02763166453 0.1)
(0.6363636364 0.02763166453 0.1)
(0.6818181818 0.02763166453 0.1)
(0.7272727273 0.02763166453 0.1)
(0.7727272727 0.02763166453 0.1)
(0.8181818182 0.02763166453 0.1)
(0.8636363636 0.02763166453 0.1)
(0.9090909091 0.02763166453 0.1)
(0.9545454545 0.02763166453 0.1)
(1 0.02763166453 0.1)
(1.045454545 0.02763166453 0.1)
(1.090909091 0.02763166453 0.1)
(1.136363636 0.02763166453 0.1)
(1.181818182 0.02763166453 0.1)
(1.227272727 0.02763166453 0.1)
(1.272727273 0.02763166453 0.1)
(1.318181818 0.02763166453 0.1)
(1.363636364 0.02763166453 0.1)
(1.409090909 0.02763166453 0.1)
(1.454545455 0.02763166453 0.1)
(1.5 0.02763166453 0.1)
(0.5454545455 0.05737646432 0.1)
(0.5909090909 0.05737646432 0.1)
(0.6363636364 0.05737646432 0.1)
(0.6818181818 0.05737646432 0.1)
(0.7272727273 0.05737646432 0.1)
(0.7727272727 0.05737646432 0.1)
(0.8181818182 0.05737646432 0.1)
(0.8636363636 0.05737646432 0.1)
(0.9090909091 0.05737646432 0.1)
(0.9545454545 0.05737646432 0.1)
(1 0.05737646432 0.1)
(1.045454545 0.05737646432 0.1)
(1.090909091 0.05737646432 0.1)
(1.136363636 0.05737646432 0.1)
(1.181818182 0.05737646432 0.1)
(1.227272727 0.05737646432 0.1)
(1.272727273 0.05737646432 0.1)
(1.318181818 0.05737646432 0.1)
(1.363636364 0.05737646432 0.1)
(1.409090909 0.05737646432 0.1)
(1.454545455 0.05737646432 0.1)
(1.5 0.05737646432 0.1)
(0.5454545455 0.08939600169 0.1)
(0.5909090909 0.08939600169 0.1)
(0.6363636364 0.08939600169 0.1)
(0.6818181818 0.08939600169 0.1)
(0.7272727273 0.08939600169 0.1)
(0.7727272727 0.08939600169 0.1)
(0.8181818182 0.08939600169 0.1)
(0.8636363636 0.08939600169 0.1)
(0.9090909091 0.08939600169 0.1)
(0.9545454545 0.08939600169 0.1)
(1 0.08939600169 0.1)
(1.045454545 0.08939600169 0.1)
(1.090909091 0.08939600169 0.1)
(1.136363636 0.08939600169 0.1)
(1.181818182 0.08939600169 0.1)
(1.227272727 0.08939600169 0.1)
(1.272727273 0.08939600169 0.1)
(1.318181818 0.08939600169 0.1)
(1.363636364 0.08939600169 0.1)
(1.409090909 0.08939600169 0.1)
(1.454545455 0.08939600169 0.1)
(1.5 0.08939600169 0.1)
(0.5454545455 0.1238642375 0.1)
(0.5909090909 0.1238642375 0.1)
(0.6363636364 0.1238642375 0.1)
(0.6818181818 0.1238642375 0.1)
(0.7272727273 0.1238642375 0.1)
(0.7727272727 0.1238642375 0.1)
(0.8181818182 0.1238642375 0.1)
(0.8636363636 0.1238642375 0.1)
(0.9090909091 0.1238642375 0.1)
(0.9545454545 0.1238642375 0.1)
(1 0.1238642375 0.1)
(1.045454545 0.1238642375 0.1)
(1.090909091 0.1238642375 0.1)
(1.136363636 0.1238642375 0.1)
(1.181818182 0.1238642375 0.1)
(1.227272727 0.1238642375 0.1)
(1.272727273 0.1238642375 0.1)
(1.318181818 0.1238642375 0.1)
(1.363636364 0.1238642375 0.1)
(1.409090909 0.1238642375 0.1)
(1.454545455 0.1238642375 0.1)
(1.5 0.1238642375 0.1)
(0.5454545455 0.1609684363 0.1)
(0.5909090909 0.1609684363 0.1)
(0.6363636364 0.1609684363 0.1)
(0.6818181818 0.1609684363 0.1)
(0.7272727273 0.1609684363 0.1)
(0.7727272727 0.1609684363 0.1)
(0.8181818182 0.1609684363 0.1)
(0.8636363636 0.1609684363 0.1)
(0.9090909091 0.1609684363 0.1)
(0.9545454545 0.1609684363 0.1)
(1 0.1609684363 0.1)
(1.045454545 0.1609684363 0.1)
(1.090909091 0.1609684363 0.1)
(1.136363636 0.1609684363 0.1)
(1.181818182 0.1609684363 0.1)
(1.227272727 0.1609684363 0.1)
(1.272727273 0.1609684363 0.1)
(1.318181818 0.1609684363 0.1)
(1.363636364 0.1609684363 0.1)
(1.409090909 0.1609684363 0.1)
(1.454545455 0.1609684363 0.1)
(1.5 0.1609684363 0.1)
(0.5454545455 0.2009101836 0.1)
(0.5909090909 0.2009101836 0.1)
(0.6363636364 0.2009101836 0.1)
(0.6818181818 0.2009101836 0.1)
(0.7272727273 0.2009101836 0.1)
(0.7727272727 0.2009101836 0.1)
(0.8181818182 0.2009101836 0.1)
(0.8636363636 0.2009101836 0.1)
(0.9090909091 0.2009101836 0.1)
(0.9545454545 0.2009101836 0.1)
(1 0.2009101836 0.1)
(1.045454545 0.2009101836 0.1)
(1.090909091 0.2009101836 0.1)
(1.136363636 0.2009101836 0.1)
(1.181818182 0.2009101836 0.1)
(1.227272727 0.2009101836 0.1)
(1.272727273 0.2009101836 0.1)
(1.318181818 0.2009101836 0.1)
(1.363636364 0.2009101836 0.1)
(1.409090909 0.2009101836 0.1)
(1.454545455 0.2009101836 0.1)
(1.5 0.2009101836 0.1)
(0.5454545455 0.2439064815 0.1)
(0.5909090909 0.2439064815 0.1)
(0.6363636364 0.2439064815 0.1)
(0.6818181818 0.2439064815 0.1)
(0.7272727273 0.2439064815 0.1)
(0.7727272727 0.2439064815 0.1)
(0.8181818182 0.2439064815 0.1)
(0.8636363636 0.2439064815 0.1)
(0.9090909091 0.2439064815 0.1)
(0.9545454545 0.2439064815 0.1)
(1 0.2439064815 0.1)
(1.045454545 0.2439064815 0.1)
(1.090909091 0.2439064815 0.1)
(1.136363636 0.2439064815 0.1)
(1.181818182 0.2439064815 0.1)
(1.227272727 0.2439064815 0.1)
(1.272727273 0.2439064815 0.1)
(1.318181818 0.2439064815 0.1)
(1.363636364 0.2439064815 0.1)
(1.409090909 0.2439064815 0.1)
(1.454545455 0.2439064815 0.1)
(1.5 0.2439064815 0.1)
(0.5454545455 0.2901909271 0.1)
(0.5909090909 0.2901909271 0.1)
(0.6363636364 0.2901909271 0.1)
(0.6818181818 0.2901909271 0.1)
(0.7272727273 0.2901909271 0.1)
(0.7727272727 0.2901909271 0.1)
(0.8181818182 0.2901909271 0.1)
(0.8636363636 0.2901909271 0.1)
(0.9090909091 0.2901909271 0.1)
(0.9545454545 0.2901909271 0.1)
(1 0.2901909271 0.1)
(1.045454545 0.2901909271 0.1)
(1.090909091 0.2901909271 0.1)
(1.136363636 0.2901909271 0.1)
(1.181818182 0.2901909271 0.1)
(1.227272727 0.2901909271 0.1)
(1.272727273 0.2901909271 0.1)
(1.318181818 0.2901909271 0.1)
(1.363636364 0.2901909271 0.1)
(1.409090909 0.2901909271 0.1)
(1.454545455 0.2901909271 0.1)
(1.5 0.2901909271 0.1)
(0.5454545455 0.3400149819 0.1)
(0.5909090909 0.3400149819 0.1)
(0.6363636364 0.3400149819 0.1)
(0.6818181818 0.3400149819 0.1)
(0.7272727273 0.3400149819 0.1)
(0.7727272727 0.3400149819 0.1)
(0.8181818182 0.3400149819 0.1)
(0.8636363636 0.3400149819 0.1)
(0.9090909091 0.3400149819 0.1)
(0.9545454545 0.3400149819 0.1)
(1 0.3400149819 0.1)
(1.045454545 0.3400149819 0.1)
(1.090909091 0.3400149819 0.1)
(1.136363636 0.3400149819 0.1)
(1.181818182 0.3400149819 0.1)
(1.227272727 0.3400149819 0.1)
(1.272727273 0.3400149819 0.1)
(1.318181818 0.3400149819 0.1)
(1.363636364 0.3400149819 0.1)
(1.409090909 0.3400149819 0.1)
(1.454545455 0.3400149819 0.1)
(1.5 0.3400149819 0.1)
(0.5454545455 0.393649338 0.1)
(0.5909090909 0.393649338 0.1)
(0.6363636364 0.393649338 0.1)
(0.6818181818 0.393649338 0.1)
(0.7272727273 0.393649338 0.1)
(0.7727272727 0.393649338 0.1)
(0.8181818182 0.393649338 0.1)
(0.8636363636 0.393649338 0.1)
(0.9090909091 0.393649338 0.1)
(0.9545454545 0.393649338 0.1)
(1 0.393649338 0.1)
(1.045454545 0.393649338 0.1)
(1.090909091 0.393649338 0.1)
(1.136363636 0.393649338 0.1)
(1.181818182 0.393649338 0.1)
(1.227272727 0.393649338 0.1)
(1.272727273 0.393649338 0.1)
(1.318181818 0.393649338 0.1)
(1.363636364 0.393649338 0.1)
(1.409090909 0.393649338 0.1)
(1.454545455 0.393649338 0.1)
(1.5 0.393649338 0.1)
(0.5454545455 0.4513853887 0.1)
(0.5909090909 0.4513853887 0.1)
(0.6363636364 0.4513853887 0.1)
(0.6818181818 0.4513853887 0.1)
(0.7272727273 0.4513853887 0.1)
(0.7727272727 0.4513853887 0.1)
(0.8181818182 0.4513853887 0.1)
(0.8636363636 0.4513853887 0.1)
(0.9090909091 0.4513853887 0.1)
(0.9545454545 0.4513853887 0.1)
(1 0.4513853887 0.1)
(1.045454545 0.4513853887 0.1)
(1.090909091 0.4513853887 0.1)
(1.136363636 0.4513853887 0.1)
(1.181818182 0.4513853887 0.1)
(1.227272727 0.4513853887 0.1)
(1.272727273 0.4513853887 0.1)
(1.318181818 0.4513853887 0.1)
(1.363636364 0.4513853887 0.1)
(1.409090909 0.4513853887 0.1)
(1.454545455 0.4513853887 0.1)
(1.5 0.4513853887 0.1)
(0.5454545455 0.5135368116 0.1)
(0.5909090909 0.5135368116 0.1)
(0.6363636364 0.5135368116 0.1)
(0.6818181818 0.5135368116 0.1)
(0.7272727273 0.5135368116 0.1)
(0.7727272727 0.5135368116 0.1)
(0.8181818182 0.5135368116 0.1)
(0.8636363636 0.5135368116 0.1)
(0.9090909091 0.5135368116 0.1)
(0.9545454545 0.5135368116 0.1)
(1 0.5135368116 0.1)
(1.045454545 0.5135368116 0.1)
(1.090909091 0.5135368116 0.1)
(1.136363636 0.5135368116 0.1)
(1.181818182 0.5135368116 0.1)
(1.227272727 0.5135368116 0.1)
(1.272727273 0.5135368116 0.1)
(1.318181818 0.5135368116 0.1)
(1.363636364 0.5135368116 0.1)
(1.409090909 0.5135368116 0.1)
(1.454545455 0.5135368116 0.1)
(1.5 0.5135368116 0.1)
(0.5454545455 0.580441273 0.1)
(0.5909090909 0.580441273 0.1)
(0.6363636364 0.580441273 0.1)
(0.6818181818 0.580441273 0.1)
(0.7272727273 0.580441273 0.1)
(0.7727272727 0.580441273 0.1)
(0.8181818182 0.580441273 0.1)
(0.8636363636 0.580441273 0.1)
(0.9090909091 0.580441273 0.1)
(0.9545454545 0.580441273 0.1)
(1 0.580441273 0.1)
(1.045454545 0.580441273 0.1)
(1.090909091 0.580441273 0.1)
(1.136363636 0.580441273 0.1)
(1.181818182 0.580441273 0.1)
(1.227272727 0.580441273 0.1)
(1.272727273 0.580441273 0.1)
(1.318181818 0.580441273 0.1)
(1.363636364 0.580441273 0.1)
(1.409090909 0.580441273 0.1)
(1.454545455 0.580441273 0.1)
(1.5 0.580441273 0.1)
(0.5454545455 0.6524622621 0.1)
(0.5909090909 0.6524622621 0.1)
(0.6363636364 0.6524622621 0.1)
(0.6818181818 0.6524622621 0.1)
(0.7272727273 0.6524622621 0.1)
(0.7727272727 0.6524622621 0.1)
(0.8181818182 0.6524622621 0.1)
(0.8636363636 0.6524622621 0.1)
(0.9090909091 0.6524622621 0.1)
(0.9545454545 0.6524622621 0.1)
(1 0.6524622621 0.1)
(1.045454545 0.6524622621 0.1)
(1.090909091 0.6524622621 0.1)
(1.136363636 0.6524622621 0.1)
(1.181818182 0.6524622621 0.1)
(1.227272727 0.6524622621 0.1)
(1.272727273 0.6524622621 0.1)
(1.318181818 0.6524622621 0.1)
(1.363636364 0.6524622621 0.1)
(1.409090909 0.6524622621 0.1)
(1.454545455 0.6524622621 0.1)
(1.5 0.6524622621 0.1)
(0.5454545455 0.729991066 0.1)
(0.5909090909 0.729991066 0.1)
(0.6363636364 0.729991066 0.1)
(0.6818181818 0.729991066 0.1)
(0.7272727273 0.729991066 0.1)
(0.7727272727 0.729991066 0.1)
(0.8181818182 0.729991066 0.1)
(0.8636363636 0.729991066 0.1)
(0.9090909091 0.729991066 0.1)
(0.9545454545 0.729991066 0.1)
(1 0.729991066 0.1)
(1.045454545 0.729991066 0.1)
(1.090909091 0.729991066 0.1)
(1.136363636 0.729991066 0.1)
(1.181818182 0.729991066 0.1)
(1.227272727 0.729991066 0.1)
(1.272727273 0.729991066 0.1)
(1.318181818 0.729991066 0.1)
(1.363636364 0.729991066 0.1)
(1.409090909 0.729991066 0.1)
(1.454545455 0.729991066 0.1)
(1.5 0.729991066 0.1)
(0.5454545455 0.8134488957 0.1)
(0.5909090909 0.8134488957 0.1)
(0.6363636364 0.8134488957 0.1)
(0.6818181818 0.8134488957 0.1)
(0.7272727273 0.8134488957 0.1)
(0.7727272727 0.8134488957 0.1)
(0.8181818182 0.8134488957 0.1)
(0.8636363636 0.8134488957 0.1)
(0.9090909091 0.8134488957 0.1)
(0.9545454545 0.8134488957 0.1)
(1 0.8134488957 0.1)
(1.045454545 0.8134488957 0.1)
(1.090909091 0.8134488957 0.1)
(1.136363636 0.8134488957 0.1)
(1.181818182 0.8134488957 0.1)
(1.227272727 0.8134488957 0.1)
(1.272727273 0.8134488957 0.1)
(1.318181818 0.8134488957 0.1)
(1.363636364 0.8134488957 0.1)
(1.409090909 0.8134488957 0.1)
(1.454545455 0.8134488957 0.1)
(1.5 0.8134488957 0.1)
(0.5454545455 0.9032891742 0.1)
(0.5909090909 0.9032891742 0.1)
(0.6363636364 0.9032891742 0.1)
(0.6818181818 0.9032891742 0.1)
(0.7272727273 0.9032891742 0.1)
(0.7727272727 0.9032891742 0.1)
(0.8181818182 0.9032891742 0.1)
(0.8636363636 0.9032891742 0.1)
(0.9090909091 0.9032891742 0.1)
(0.9545454545 0.9032891742 0.1)
(1 0.9032891742 0.1)
(1.045454545 0.9032891742 0.1)
(1.090909091 0.9032891742 0.1)
(1.136363636 0.9032891742 0.1)
(1.181818182 0.9032891742 0.1)
(1.227272727 0.9032891742 0.1)
(1.272727273 0.9032891742 0.1)
(1.318181818 0.9032891742 0.1)
(1.363636364 0.9032891742 0.1)
(1.409090909 0.9032891742 0.1)
(1.454545455 0.9032891742 0.1)
(1.5 0.9032891742 0.1)
(0.5454545455 1 0.1)
(0.5909090909 1 0.1)
(0.6363636364 1 0.1)
(0.6818181818 1 0.1)
(0.7272727273 1 0.1)
(0.7727272727 1 0.1)
(0.8181818182 1 0.1)
(0.8636363636 1 0.1)
(0.9090909091 1 0.1)
(0.9545454545 1 0.1)
(1 1 0.1)
(1.045454545 1 0.1)
(1.090909091 1 0.1)
(1.136363636 1 0.1)
(1.181818182 1 0.1)
(1.227272727 1 0.1)
(1.272727273 1 0.1)
(1.318181818 1 0.1)
(1.363636364 1 0.1)
(1.409090909 1 0.1)
(1.454545455 1 0.1)
(1.5 1 0.1)
)


// ************************************************************************* //
